/*
		ALL ROAD JUNCTIONS
*/

[
[3210.59,1106.95,0.000141382],
[3213.34,2062.42,0.000220299],
[3386.74,2117.52,0.00638199],
[2773.56,3231.35,0.00113201],
[4026.8,2083.82,0.000156403],
[3953.75,2236.4,0.00183392],
[3515.13,3029.96,0.000537872],
[3909.62,2696.89,4.3869e-005],
[3876.33,2800.14,0.000566483],
[3719.65,3296.23,7.9155e-005],
[2142.94,4571.33,9.53674e-005],
[3974.53,3129.27,0.000253677],
[1975.75,4740.72,0.00260925],
[4274.87,3132.14,0.000116348],
[4942.65,1913.76,0.000511169],
[3674.13,3829.67,0.0119648],
[3754.55,3830.95,0.00598907],
[5033.12,1881.91,0.000751495],
[4006.64,3615.71,0.0219116],
[4042.09,3582.22,7.62939e-006],
[2914.32,4561.49,0.000350952],
[4047.56,3600.38,0.000112534],
[4072.54,3573.63,0.000396729],
[4061.24,3641.91,0.000282288],
[2810.8,4689.01,0.00088501],
[4089.9,3632.58,7.05719e-005],
[3041.46,4582.97,0.000152588],
[4338.26,3420.4,1.71661e-005],
[3853.96,3998.26,0.000148773],
[3024.83,4694.01,0.000919342],
[3971.98,3953.88,0.000535965],
[3854.49,4072.04,3.62396e-005],
[3854.86,4089.71,7.05719e-005],
[3971.02,3998.18,1.90735e-005],
[3854.69,4136.26,8.96454e-005],
[4175.74,3854.21,0.000221252],
[3971.18,4071.81,1.90735e-005],
[3855.44,4197.74,8.29697e-005],
[2754.34,5005.06,0.000114441],
[3855.97,4220.83,4.19617e-005],
[3769.08,4301.87,0.000324249],
[3929.79,4168.05,0.000793457],
[3414.64,4617.56,0.000887871],
[4210.34,3914.29,1.90735e-005],
[4249.33,3890.24,0.000600815],
[4058.3,4089.26,7.62939e-006],
[3804.38,4338.96,0.000392914],
[2726.48,5088.73,0.000228882],
[3987.07,4221.28,3.43323e-005],
[4058.8,4157.61,0.000217438],
[3695.34,4484.7,0.00176048],
[4243.61,3972.32,4.3869e-005],
[4312.23,3928.06,0.000141144],
[2869.36,5086.94,0.000917435],
[4265.23,4008.41,7.62939e-006],
[4186.92,4090.31,0.00015831],
[4058.91,4222.06,0.000534058],
[2808.15,5153.92,0.00230026],
[4437.35,3843.29,0.000572205],
[4335.43,3966.69,0.000299454],
[4186.8,4158.05,0.00109673],
[4059.77,4319.66,1.14441e-005],
[4295.38,4091.02,0.000148773],
[4187.11,4222.8,7.62939e-006],
[4376.73,4036.37,0.000299454],
[4352.15,4091.52,0.000253677],
[4295.14,4160.53,8.2016e-005],
[4239.31,4223.37,5.72205e-006],
[4186.28,4296.35,0.000226974],
[4410.84,4091.93,1.14441e-005],
[4351.55,4160.13,0.00115395],
[4294.85,4223.46,0],
[4239.47,4297.19,8.96454e-005],
[4351.37,4223.9,0],
[4672.79,3869.75,0.000177383],
[4294.45,4297.34,4.19617e-005],
[4560.64,4014.39,0.000253677],
[3511.69,4964.15,0.000888824],
[4035.79,4571.42,0.00102234],
[4411.22,4224.52,4.19617e-005],
[4351.43,4297.03,0.000564575],
[4713.34,3928.72,0.000228882],
[4293.85,4418.76,0.000362396],
[4354.07,4414.31,0.000358582],
[4452.95,4377.63,0.000349045],
[4175.27,4671.83,9.53674e-006],
[4701.93,4324.82,8.7738e-005],
[4069.84,5128.5,0.00121498],
[3990.25,5658.44,0.000709534],
[3891.59,5965.49,0.00149155],
[4913.81,6143.82,5.72205e-006]
];