"=================SOUTH"
[3793.78,1643.31,0.747066]
[3209.75,1586.21,0.124199]
[3291.26,3337.39,0.777903]
[3180.89,2551.65,3.23546]
[3516.28,1991.08,0.831854]
[3195,1786.55,0.370358]
[3508.4,3009.83,0.291177]
[3031.6,2760.96,0.623829]
[3990.29,3338.94,0.779415]
[3793.78,1643.31,0.747066]
[3793.78,1643.31,0.747066]
[3467.51,3395.57,0.766594]
[3291.26,3337.39,0.777903]
[3645.8,2899.87,0.881013]
[4212.03,1681.98,0.286678]
[3575.83,1997.82,0.397429]
[3951.78,2146.32,0.202012]
[3478.3,1936.12,0.57304]
[3533.78,3417.26,0.33268]
[3517.81,1982.73,3.21937]
[3481.86,2828.18,3.32919]
[3533.78,3417.26,0.33268]
[3941.76,2215.99,0.532218]
[3513.33,2989.7,0.291394]
[4108.15,1933.22,0.313021]
[3592.27,1952.67,0.75415]
[3026.58,2760.27,1.12387]
[3517.81,1982.73,3.21937]
[3815.1,2657.12,3.80795]
[4147.74,1899.28,0.431927]
[2805.35,1861.77,-0.459784]
[3773.76,2643.27,0.252802]
[3533.45,3425.75,0.503057]
[3763.09,2682.51,0.265556]
[3229.74,2723.56,0.118061]
[3517.81,1982.73,3.21937]
[3517.81,1982.73,3.21937]
[2785.93,1840.97,0.803901]
[3768.15,2619.12,0.277691]
[3785.09,1614.98,0.339096]
[2785.93,1840.97,0.803901]
[3104.57,2335.05,0.335851]
[3545.1,1924.43,0.701809]
[3473.36,2827.97,0.792806]
[3812.96,2681.57,0.280474]
[3193.54,1781.7,0.316778]
[3516.67,2985.89,0.261081]
[3517.81,1982.73,3.21937]
[3941.76,2215.99,0.532218]
[3930.2,2239.15,0.746128]
[4224.67,1880.49,0.744637]
[3538.9,3017.8,0.792154]
[3180.89,2551.65,3.23546]
[3790.15,1614.89,0.242559]
[3544.7,1977.82,3.98835]
[3516.67,2985.89,0.261081]
[3137.44,2807.3,0.18886]
[3205.81,1589.4,0.408982]
[3949.86,2151.01,0.326122]
[4108.15,1933.22,0.313021]
[3559.43,3370.9,0.185966]
[3516.99,3398.42,0.288104]
[3815.1,2657.12,3.80795]
[3764.86,2677.76,0.300779]
[3175.15,2545.39,0.368671]
[3728.37,2614.19,0.260791]
[3520.33,3402.23,0.265519]
[4029.93,2127.89,0.392595]
[3561.52,3024.83,0.252956]
[3464.1,1951.98,1.13792]
[4032.66,2123.62,0.175279]
[4212.03,1681.98,0.286678]
[3083.05,2802.79,0.212786]
[3763.09,2682.51,0.265556]
[3945.99,2223.36,1.04746]
[2779.97,3201.18,3.89878]
[3965.43,2176.32,0.833479]
[3516.67,2985.89,0.261081]
[3175.15,2545.39,0.368671]
[5011.2,1913.39,0.125359]
[3512.3,3009.65,0.275834]
[3363.49,3412.04,0.285335]
[4212.03,1681.98,0.286678]
[3941.76,2215.99,0.532218]
[3558.01,1953.38,0.480659]
[3764.86,2677.76,0.300779]
[3104.57,2335.05,0.335851]
[4216.52,1684.32,0.26783]
[3552.62,1928.39,3.54658]
[3558.01,1953.38,0.480659]
[2785.93,1840.97,0.803901]
[4332.57,3105.75,0.277782]
[3366.75,3415.92,0.21407]
[3763.09,2682.51,0.265556]
[3766.22,2623.81,0.246878]
[3104.57,2335.05,0.335851]
[3366.75,3415.92,0.21407]
[5011.2,1913.39,0.125359]
[3645.8,2899.87,0.881013]
[3291.26,3337.39,0.777903]
[3467.51,3395.57,0.766594]
[4112.43,1935.92,0.260931]
[3366.75,3415.92,0.21407]
[3562.01,1950.26,0.41374]
[3461.69,1953.24,1.38198]
[3948.56,2696.77,0.740496]
[3990.29,3338.94,0.779415]
[3561.52,3024.83,0.252956]
[4216.52,1684.32,0.26783]
[4119.56,1914.3,3.79007]
[3817.65,2683.46,0.279277]
[3018.27,2744.74,0.641098]
[3544.7,1977.82,3.98835]
[4220.84,1877.17,0.575138]
[4332.4,3110.81,0.229073]
[3291.26,3337.39,0.777903]
[3516.67,2985.89,0.261081]
[3532.93,3423.07,0.531267]
[5011.2,1913.39,0.125359]
[3538.9,3017.8,0.792154]
[3938.19,2217.57,0.716837]
[4220.84,1877.17,0.575138]
[3083.05,2802.79,0.212786]
[3571.4,3385.95,3.76024]
[5011.2,1913.39,0.125359]
[2785.93,1840.97,0.803901]
[3793.78,1643.31,0.747066]
[3572.63,2001.75,0.571043]
[3817.65,2683.46,0.279277]
[3592.27,1952.67,0.75415]
[3481.86,2828.18,3.32919]
[3516.99,3398.42,0.288104]
[4133.47,1970.68,0.425728]
[3137.44,2807.3,0.18886]
[3180.89,2551.65,3.23546]
[2785.93,1840.97,0.803901]
[3912.6,2233.35,0.147642]
[3990.29,3338.94,0.779415]
[3764.86,2677.76,0.300779]
[3592.27,1952.67,0.75415]
[3229.81,2718.49,0.494047]
[3205.81,1589.4,0.408982]
[4127.92,1915.81,0.462599]
[3817.65,2683.46,0.279277]
[3930.2,2239.15,0.746128]
[3812.96,2681.57,0.280474]
[3522.86,1954.64,1.05717]
[3469.92,1951.13,0.542223]
[4143.15,1897.15,0.587311]
[3517.81,1982.73,3.21937]
[4220.84,1877.17,0.575138]
[3229.74,2723.56,0.118061]
[3793.78,1643.31,0.747066]
[3018.27,2744.74,0.641098]
[3941.76,2215.99,0.532218]
[4032.66,2123.62,0.175279]
[2785.93,1840.97,0.803901]
[3562.01,1950.26,0.41374]
[3552.62,1928.39,3.54658]
[3948.56,2696.77,0.740496]
[3730.27,2609.49,0.269869]
[3467.08,1946.66,0.28319]
[3026.58,2760.27,1.12387]
[3482.35,1939.17,0.659575]
[3363.49,3412.04,0.285335]
[3469.34,1947.26,0.224344]
[5011.2,1913.39,0.125359]
[3463.37,3402.99,3.55679]
[4143.15,1897.15,0.587311]
[3793.78,1643.31,0.747066]
[3949.86,2151.01,0.326122]
[3911.22,2238.23,0.325288]
[3103.33,2330.13,0.257487]
[3473.36,2827.97,0.792806]
[4029.93,2127.89,0.392595]
[3516.99,3398.42,0.288104]
[3764.86,2677.76,0.300779]
[3083.05,2802.79,0.212786]
[3538.9,3017.8,0.792154]
[4108.15,1933.22,0.313021]
[3478.3,1936.12,0.57304]
[3815.1,2657.12,3.80795]
[3776.61,2648.41,0.597931]
[3912.6,2233.35,0.147642]
[4220.84,1877.17,0.575138]
[3529.91,3416.71,0.297408]
[3965.43,2176.32,0.833479]
[3650.02,2937.79,0.263548]
[3930.2,2239.15,0.746128]
[2779.97,3201.18,3.89878]
[3132.87,2805.1,0.316999]
[3938.19,2217.57,0.716837]
[3104.57,2335.05,0.335851]
[3229.74,2723.56,0.118061]
[3463.37,3402.99,3.55679]
[3522.86,1954.64,1.05717]
[3645.8,2899.87,0.881013]
[3645.8,2899.87,0.881013]
[4147.74,1899.28,0.431927]
[3785.09,1614.98,0.339096]
[3512.54,3015.53,0.635047]
[3516.99,3398.42,0.288104]
[3555.52,3374.13,0.339434]
[3478.3,1936.12,0.57304]
[3363.49,3412.04,0.285335]
[3817.65,2683.46,0.279277]
[3572.63,2001.75,0.571043]
[3545.1,1924.43,0.701809]
[3205.81,1589.4,0.408982]
[3572.63,2001.75,0.571043]
[3516.99,3398.42,0.288104]
[3229.81,2718.49,0.494047]
[3911.22,2238.23,0.325288]
[4301.8,3093.03,0.585845]
[3516.99,3398.42,0.288104]
[3467.51,3395.57,0.766594]
[3205.81,1589.4,0.408982]
[3941.76,2215.99,0.532218]
[3180.89,2551.65,3.23546]
[3195,1786.55,0.370358]
[3815.1,2657.12,3.80795]
[3592.27,1952.67,0.75415]
[4119.56,1914.3,3.79007]
[3790.15,1614.89,0.242559]
[3469.92,1951.13,0.542223]
[3965.43,2176.32,0.833479]
[4220.84,1877.17,0.575138]
[3793.78,1643.31,0.747066]
[3978.59,2696.53,0.292662]
[5011.2,1913.39,0.125359]
[3545.1,1924.43,0.701809]
[4332.57,3105.75,0.277782]
[3790.15,1614.89,0.242559]
[3104.57,2335.05,0.335851]
[4224.67,1880.49,0.744637]
[2785.93,1840.97,0.803901]
[3478.3,1936.12,0.57304]
[3461.69,1953.24,1.38198]
[3645.8,2899.87,0.881013]
[3562.01,1950.26,0.41374]
[4133.47,1970.68,0.425728]
[4112.43,1935.92,0.260931]
[3516.28,1991.08,0.831854]
[4143.15,1897.15,0.587311]
[4133.47,1970.68,0.425728]
[3552.62,1928.39,3.54658]
[3180.89,2551.65,3.23546]
[3481.86,2828.18,3.32919]
[3948.56,2696.77,0.740496]
[3911.22,2238.23,0.325288]
[3538.9,3017.8,0.792154]
[3463.37,3402.99,3.55679]
[4029.93,2127.89,0.392595]
[3229.74,2723.56,0.118061]
[3650.02,2937.79,0.263548]
[2785.93,1840.97,0.803901]
[3965.43,2176.32,0.833479]
[3103.33,2330.13,0.257487]
[3555.52,3374.13,0.339434]
[3103.33,2330.13,0.257487]
[3018.27,2744.74,0.641098]
[3538.9,3017.8,0.792154]
[3366.75,3415.92,0.21407]
[3516.99,3398.42,0.288104]
[3516.99,3398.42,0.288104]
[3132.87,2805.1,0.316999]
[3545.1,1924.43,0.701809]
[4307.66,3093.46,0.299951]
[2809.44,1858.78,0.534267]
[3936.13,2185.53,0.324507]
[3103.33,2330.13,0.257487]
[3516.99,3398.42,0.288104]


"=================WEST"
[2872.12,5053.18,3.69923]
[2778.18,5171.04,0.264469]
[3418.06,4593.05,0.649506]
[3396.38,4575.47,0.161987]
[1932.51,4849.46,0.308395]
[3404.77,4576.82,3.45514]
[2812.18,5050.05,0.854248]
[2855.55,4241.15,4.23439]
[3396.38,4575.47,0.161987]
[3376.71,4622.08,0.937646]
[2883.11,4229.8,0.34717]
[1945.47,4822.62,3.87976]
[2007.82,4561.73,0.825787]
[2883.11,4229.8,0.34717]
[2736.54,5119.36,0.421688]
[3376.71,4622.08,0.937646]
[2000.77,4521.98,0.261757]
[2878.2,4231.07,0.333944]
[2855.55,4241.15,4.23439]
[3109.3,3743.21,0.336123]
[3396.38,4575.47,0.161987]
[3109.3,3743.21,0.336123]
[1975.31,4507.88,0.339241]
[3404.36,4655.43,0.664272]
[3109.3,3743.21,0.336123]
[3164.32,4255.14,2.83283]
[1975.31,4507.88,0.339241]
[1970.24,4507.78,0.252743]
[2885.3,5049.58,5.01448]
[3060.22,3737.84,3.66627]
[3391.28,4618.8,2.84821]
[2766.38,5103.68,0.22963]
[3404.36,4655.43,0.664272]
[2770.37,5106.81,0.379784]
[3391.28,4618.8,2.84821]
[3396.38,4575.47,0.161987]
[2880.91,5043.69,4.9907]
[3109.3,3743.21,0.336123]
[2788.33,5148.43,3.62828]
[2775.38,5175.26,0.263062]
[3396.42,4612.04,0.662588]
[3416.42,4642.43,0.431808]
[2806.12,5137.68,0.762123]
[2839.69,5065.92,4.02541]
[2803.83,5039.08,0.714794]
[3376.71,4622.08,0.937646]
[2831.13,5109.07,0.281544]
[2803.83,5039.08,0.714794]
[2801.74,5111.91,0.204292]
[2775.38,5175.26,0.263062]
[1932.51,4849.46,0.308395]
[2737.09,5082.44,0.262486]
[1932.51,4849.46,0.308395]
[3414.03,4637.97,0.42819]
[2742.82,5076.14,0.30867]
[2805.75,5115,0.381836]
[2828.85,5111.42,0.208862]
[2726.99,5131.26,0.918728]
[3396.38,4575.47,0.161987]
[1975.31,4507.88,0.339241]
[1945.47,4822.62,3.87976]
[2804.53,5129.33,0.577255]
[3104.23,3743.18,0.165572]
[2736.54,5119.36,0.421688]
[3404.36,4655.43,0.664272]
[3414.03,4637.97,0.42819]
[3376.71,4622.08,0.937646]
[2726.99,5131.26,0.918728]
[2738.15,5111.02,3.38239]
[2005.81,4522.55,0.280849]
[1945.47,4822.62,3.87976]
[2855.55,4241.15,4.23439]
[2847.15,5087.04,3.41354]
[1965.98,4544.75,3.31559]
[2806.12,5137.68,0.762123]
[1935.31,4845.23,0.281181]
[1975.31,4507.88,0.339241]
[3418.06,4593.05,0.649506]
[2846.08,5088.4,0.333977]
[2775.38,5175.26,0.263062]
[2880.91,5043.69,4.9907]
[2770.37,5106.81,0.379784]
[2788.33,5148.43,3.62828]
[2839.69,5065.92,4.02541]
[3391.28,4618.8,2.84821]
[2788.33,5148.43,3.62828]
[1935.31,4845.23,0.281181]
[2788.33,5148.43,3.62828]
[2702.59,5120.5,4.02536]
[2877.01,5057.86,3.73803]
[3109.3,3743.21,0.336123]
[1970.24,4507.78,0.252743]
[2778.18,5171.04,0.264469]
[2702.59,5120.5,4.02536]
[2738.15,5111.02,3.38239]
[3169.16,4262.12,0.601264]
[2007.82,4561.73,0.825787]
[2878.2,4231.07,0.333944]
[3391.28,4618.8,2.84821]
[2745.04,5076.87,0.451412]
[2788.33,5148.43,3.62828]
[1935.31,4845.23,0.281181]
[2877.01,5057.86,3.73803]
[2812.42,5046.3,1.05105]
[2846.08,5088.4,0.333977]
[2726.99,5131.26,0.918728]
[2880.85,5049.44,6.31919]
[3418.06,4593.05,0.649506]
[3372.16,4624.3,0.782804]
[2733.54,5221.06,0.229786]
[2000.77,4521.98,0.261757]
[2855.55,4241.15,4.23439]
[2872.12,5053.18,3.69923]
[2737.09,5082.44,0.262486]
[2742.82,5076.14,0.30867]
[3404.36,4655.43,0.664272]
[3056.43,3730.24,0.686903]
[2000.77,4521.98,0.261757]
[2778.18,5171.04,0.264469]
[3404.36,4655.43,0.664272]
[2745.42,5080.75,0.500057]
[2804.53,5129.33,0.577255]
[2788.33,5148.43,3.62828]
[2702.59,5120.5,4.02536]
[2778.18,5171.04,0.264469]
[2778.18,5171.04,0.264469]
[1965.98,4544.75,3.31559]
[2812.18,5050.05,0.854248]
[3056.43,3730.24,0.686903]
[2831.13,5109.07,0.281544]
[2873.29,5051.66,3.76374]
[2800.64,5129.67,0.38203]
[2839.94,5068.59,3.64142]
[2726.99,5131.26,0.918728]
[2831.13,5109.07,0.281544]
[2007.82,4561.73,0.825787]
[3404.36,4655.43,0.664272]
[2736.52,5216.96,0.278229]
[2702.59,5120.5,4.02536]
[2812.18,5050.05,0.854248]
[2007.82,4561.73,0.825787]
[3169.16,4262.12,0.601264]
[3372.16,4624.3,0.782804]
[1935.31,4845.23,0.281181]
[2775.38,5175.26,0.263062]
[2812.18,5050.05,0.854248]
[2005.81,4522.55,0.280849]
[2738.15,5111.02,3.38239]
[1932.51,4849.46,0.308395]
[2702.59,5120.5,4.02536]
[2007.82,4561.73,0.825787]
[3109.3,3743.21,0.336123]
[3376.71,4622.08,0.937646]
[2726.99,5131.26,0.918728]
[2846.08,5088.4,0.333977]
[2872.12,5053.18,3.69923]
[3396.38,4575.47,0.161987]
[2801.74,5111.91,0.204292]
[2738.15,5111.02,3.38239]
[2775.38,5175.26,0.263062]
[2855.55,4241.15,4.23439]
[2737.09,5082.44,0.262486]
[3404.36,4655.43,0.664272]
[2770.37,5106.81,0.379784]
[2812.18,5050.05,0.854248]
[2803.83,5039.08,0.714794]
[3404.36,4655.43,0.664272]
[2806.12,5137.68,0.762123]
[1965.98,4544.75,3.31559]
[2007.82,4561.73,0.825787]
[2702.59,5120.5,4.02536]
[2855.55,4241.15,4.23439]
[2736.54,5119.36,0.421688]
[3418.06,4593.05,0.649506]
[2000.77,4521.98,0.261757]
[3376.71,4622.08,0.937646]
[3109.3,3743.21,0.336123]
[2000.77,4521.98,0.261757]
[2805.01,5135.19,0.710831]
[2726.99,5131.26,0.918728]
[2878.2,4231.07,0.333944]
[3060.22,3737.84,3.66627]
[2855.55,4241.15,4.23439]
[3376.71,4622.08,0.937646]


"=================CENTRAL"
[4400.32,3887.28,0.231142]
[4319.67,4328,3.51765]
[4359.78,3431.66,0.363031]
[4748.68,3960.43,0.705109]
[3805.57,3938.94,0.659941]
[4762.48,4019.32,0.887121]
[4103.21,3556.43,0.711161]
[4342.8,4195.55,0.202717]
[3819.75,4209.81,0.23285]
[4117.53,4139.81,0.626076]
[3830.52,4524.33,7.34845]
[4230.62,4690.98,3.19554]
[4103.03,3769.67,1.55785]
[3959.55,3963.69,0.317331]
[4164.9,4716.26,0.885503]
[4186.5,4018.57,3.93548]
[4176.3,4022.06,3.92219]
[4093.3,4230.68,4.30328]
[4186.66,4396.92,0.245296]
[3722.67,4187.74,0.431022]
[4247.47,4276.4,4.0885]
[4022.46,3986.44,0.811949]
[4396.84,4240.95,3.61326]
[4025.81,3567.38,3.6885]
[4230.62,4690.98,3.19554]
[3708.75,3851.28,1.40859]
[4321.31,3486.99,0.282833]
[4307.86,4075.44,3.93196]
[4332.4,3110.81,0.229073]
[4164.2,3924.86,4.01399]
[3769.61,4343.93,4.66275]
[3737.76,4340.61,5.18148]
[3722.67,4187.74,0.431022]
[4067.92,4105.26,6.7672]
[4267.2,3981.66,0.235559]
[4373.66,3513.9,0.478584]
[4239.95,3986.8,4.72658]
[3987.07,4154.23,0.243687]
[3928.69,4150.04,3.98364]
[4114.53,4338.54,2.10143]
[4038.49,4365.7,0.658636]
[4440.96,4243.34,0.117342]
[4221.42,4102.83,0.29044]
[4340.4,3993.8,3.47369]
[4235.59,3585.21,1.09648]
[4308.53,4051.44,3.22325]
[4567.75,4037.06,3.81112]
[3803.5,4529.73,1.39084]
[4093.3,4230.68,4.30328]
[3981.07,4206.79,3.88967]
[4194.14,3911.49,3.22703]
[4382.69,3898.19,0.375793]
[4341.14,3919.82,3.3064]
[4275.6,4400.76,4.03903]
[4559.86,3991.56,0.306416]
[3930.2,2239.15,0.746128]
[3770.35,2645.17,0.219322]
[3817.98,4558.9,0.968632]
[3763.84,4847.09,0.367725]
[4188.88,3908.66,3.35012]
[3967.2,4162.3,0.286999]
[4121.04,3468.65,4.89125]
[4445.94,4165.69,0.431499]
[4523.21,3886.5,0.408344]
[4033.35,4342.49,5.36038]
[3928.69,4150.04,3.98364]
[4460.77,3419.9,0.812569]
[3180.89,2551.65,3.23546]
[3658.16,4830.66,4.12302]
[4298.79,3473.11,0.67499]
[3945.99,2223.36,1.04746]
[4068.1,4258.26,0.369276]
[4400.32,3887.28,0.231142]
[4313.34,4311,0.570156]
[3516.99,3398.42,0.288104]
[4692.25,3878.27,3.9184]
[4307.55,4212.11,4.47816]
[4496.49,4348.41,0.452976]
[4230.67,3912.59,3.4491]
[4453.54,4358.95,3.95643]
[3807.98,4324.95,4.09959]
[3941.76,2215.99,0.532218]
[4616.8,3967.19,1.8037]
[4314.6,4322.47,3.03774]
[4608.27,4017.91,0.34955]
[4526.01,3311.92,0.310708]
[4230.62,4690.98,3.19554]
[3815.1,2657.12,3.80795]
[4158.9,3794.73,0.700129]
[3481.86,2828.18,3.32919]
[4261.72,4362.77,3.25325]
[4021.57,3560.08,0.297188]
[3817.98,4558.9,0.968632]
[3779.65,4123.24,0.435483]
[3990.23,4345.26,0.782317]
[4197.51,4235.24,3.78068]
[4493.67,4246.13,0.757673]
[3982.63,4004.33,0.414055]
[3829.7,4061.67,3.90374]
[3958.85,3980.9,3.86683]
[4405.4,3917.97,0.329844]
[4385.31,4217.58,3.84873]
[4081.45,4351.25,0.999051]
[4156.46,4213.69,3.8477]
[4673.03,3928.5,0.269701]
[4195.79,3852.02,3.75031]
[4030.36,3864.3,0.290366]
[4071.93,4107.27,6.22462]
[3763.84,4847.09,0.367725]
[3958.85,3980.9,3.86683]
[3516.67,2985.89,0.261081]
[4119.31,4653.49,5.43834]
[4112.26,4610.19,1.26334]
[3229.81,2718.49,0.494047]
[3830.52,4524.33,7.34845]
[4234.83,3581.61,1.13393]
[4221.65,3976.24,3.88964]
[3952.89,4241.01,3.36547]
[4023.32,3502.68,0.444202]
[4235.59,3585.21,1.09648]
[3760.94,4228.7,0.240314]
[4506.82,4369.85,0.272224]
[4557.59,3939.96,3.19897]
[3867.54,3982.74,0.30257]
[3685,4091.71,0.55501]
[4167.03,4241.1,0.432825]
[4215.43,3941.47,0.497629]
[4669.75,3924.64,0.31497]
[3781.4,4207.87,0.521488]
[4108.37,4610.92,0.977716]
[3798.06,4001.76,0.789618]
[4069.02,4247.08,0.544331]
[4237.87,3581.96,1.27001]
[3555.52,3374.13,0.339434]
[3750.53,4295.19,3.3779]
[3018.27,2744.74,0.641098]
[4519.5,4055.57,0.385244]
[3830.65,4528.87,6.28128]
[4306.43,4052.14,3.23817]
[4385.37,4467.56,0.468506]
[4396.01,4039.27,0.48526]
[4027.86,3650.72,3.82817]
[4345.6,4063.36,3.52562]
[3516.99,3398.42,0.288104]
[4038.25,4185.73,4.03572]
[4108.37,4610.92,0.977716]
[4669.75,3924.64,0.31497]
[4263.66,3968.34,0.357811]
[4067.72,4241.56,4.46709]
[4567.75,4037.06,3.81112]
[3650.02,2937.79,0.263548]
[3723.97,4517.32,0.219675]
[4318.53,3410.69,3.7636]
[4197.52,4233.07,3.7609]
[4409.95,3923.32,0.261003]
[3841.92,4218.34,3.72735]
[3807.98,4324.95,4.09959]
[4608.27,4017.91,0.34955]
[4695.61,3920.77,4.04622]
[3060.22,3737.84,3.66627]
[4056.86,3694.72,6.35669]
[4004.85,3789.43,1.32682]
[3054.96,3454.45,0.734892]
[3981.07,4206.79,3.88967]
[3684.68,4086.65,0.323328]
[4460.77,3419.9,0.812569]
[4497.41,4345.38,0.409939]
[4027.95,4185.25,6.1448]
[4616.8,3967.19,1.8037]
[4085.44,3639.58,3.87907]
[4301.76,3886.41,3.31779]
[3930.2,2239.15,0.746128]
[3824.82,4209.6,0.259148]
[4038.25,4185.73,4.03572]
[4352.92,3511.9,0.366142]
[3812.82,4062.11,5.43984]
[4411.57,3800.07,0.835772]
[4128.77,3609.04,3.76891]
[3765.36,3777.91,1.08911]
[3878.03,4107.35,3.67956]
[4291.33,3850.7,0.449455]
[4611.66,3984.06,0.469482]
[4345.6,4063.36,3.52562]
[4709.68,3946.26,4.30009]
[3819.66,4312.59,4.29204]
[3805.43,3933.87,0.431046]
[4033.41,3526.43,1.01684]
[4070.04,4169.45,3.78389]
[4042.87,4172.34,0.547405]
[4493.67,4246.13,0.757673]
[4903.3,3785.28,-0.00602627]
[4406.38,3940.88,0.423834]
[4140.98,4700.42,0.559884]
[3973.92,4100.64,3.00407]
[4100.03,4509.68,4.81615]
[3985.82,4157.93,0.266336]
[3703.9,4085.8,3.71706]
[4411.08,3511.73,0.273752]
[3900.61,4200.36,3.93552]
[3990.23,4345.26,0.782317]
[3959.55,3963.69,0.317331]
[3930.2,2239.15,0.746128]
[4177.71,4124.52,3.20477]
[4051.37,4063.63,4.15258]
[4039.5,3618.64,3.59215]
[4103.85,4044.09,0.620285]
[4331.5,4319.17,3.50411]
[3829.7,4061.67,3.90374]
[4426.09,4190.18,3.66485]
[4357.85,4166.44,3.96974]
[4507.83,3875.7,0.269403]
[4304.09,4108.19,4.17568]
[4462.05,4059.61,3.79025]
[4167.03,4241.1,0.432825]
[4195.79,3852.02,3.75031]
[4455.68,3813.66,0.280466]
[3485.34,4603.55,0.0723457]
[4304.59,3477.11,0.310045]
[4608.27,4017.91,0.34955]
[4328.14,4249.63,3.21836]
[4684.42,4367.59,0.38143]
[3684.68,4086.65,0.323328]
[4119.31,4653.49,5.43834]
[3984.02,4063.14,4.26319]
[4192.52,3914.74,3.22009]
[4057.23,4063.58,4.14265]
[3981.05,3670.93,3.00579]
[4508.31,4521.14,0.645664]
[4222.21,4239.08,3.42425]
[4049.29,3959.05,0.606932]
[3959.45,3958.63,0.296755]
[4161.04,4000.98,5.05246]
[4595.83,4239.65,0.413603]
[4382.69,3898.19,0.375793]
[4334.16,3933.68,0.503407]
[3132.87,2805.1,0.316999]
[4466.17,4386.04,3.63702]
[4318.53,3410.69,3.7636]
[3798.06,4001.76,0.789618]
[4027.46,3495.26,3.0715]
[3765.24,3941.56,0.512344]
[4077.41,3492.97,0.0986691]
[3828.08,3986.58,3.32963]
[3986.29,4012,3.23709]
[3878.26,4436.2,1.01619]
[4473.15,3997.48,0.274632]
[4321.31,3486.99,0.282833]
[4353.77,3472.76,0.447409]
[4376.66,4318.56,3.51923]
[4032.66,2123.62,0.175279]
[3994.22,4100.49,3.7985]
[4283.67,4013.96,3.79022]
[3965.43,2176.32,0.833479]
[4108.21,4201.53,3.94133]
[4153.59,3618.34,0.226837]
[3857.46,4475.67,1.90337]
[3485.34,4603.55,0.0723457]
[4075.87,3714.57,0.51922]
[4396.31,4036.12,0.485306]
[4042.4,4282.78,0.464623]
[4305.33,3945.86,6.34359]
[4551.83,4039.63,3.85099]
[4422.93,4073.13,0.336613]
[4466.82,4381.54,3.54605]
[4038.45,4303.47,0.290126]
[4625.5,4237.07,3.86682]
[4422.97,4366.2,4.7832]
[3758.96,4845.71,0.253181]
[3911.22,4061.8,4.99267]
[4321.31,3486.99,0.282833]
[3887.68,4247.88,0.384059]
[4327.37,4231.07,0.288048]
[4647.95,3948.63,3.32815]
[4222.33,4692.82,0.4]
[3750.53,4295.19,3.3779]
[4422.1,4190.27,3.67159]
[4788.9,4154.79,3.23733]
[4597.66,4039.9,0.868191]
[4023.32,3502.68,0.444202]
[4071.93,4107.27,6.22462]
[3859.58,4500.15,2.45793]
[4595.83,4239.65,0.413603]
[4108.37,4610.92,0.977716]
[4275.44,4284.05,0.407042]
[4369.94,4243.82,0.280451]
[4248.04,3539.54,1.04283]
[4261.72,4362.77,3.25325]
[4312.13,4114.87,4.05769]
[4426.16,4192.3,3.68592]
[4471.67,4417.16,0.697346]
[4102.76,4328.9,0.252205]
[3765.62,3960.79,3.50804]
[3507.56,3012.01,0.368608]
[4558.64,3993.56,0.339626]
[4370.85,4047.12,2.96504]
[3869.96,4239.93,3.98142]
[3974.01,4197.72,0.469698]
[4230.62,4690.98,3.19554]
[4012.71,3688.85,3.93615]
[4419.91,4257.22,3.76173]
[4030.36,3864.3,0.290366]
[4275.6,4400.76,4.03903]
[3824.82,4209.6,0.259148]
[4477.33,4000.36,0.284269]
[4268.75,3989.58,3.56065]
[4426.16,4192.3,3.68592]
[4153.59,3618.34,0.226837]
[4836.12,4609.5,4.39148]
[4836.12,4609.5,4.39148]
[4035.86,4306.38,0.314483]
[3836.32,4010.47,6.34801]
[3850.56,4308.99,0.822754]
[4608.97,3985.73,0.532373]
[4320.03,4145.53,0.580887]
[4012.71,3688.85,3.93615]
[3748.09,4437.3,3.29551]
[4195.79,3852.02,3.75031]
[4177.19,4139.16,4.09758]
[4692.25,3878.27,3.9184]
[3866.93,4174.03,3.02606]
[4357.82,3513.18,0.233932]
[4101.4,4324.02,0.34134]
[4331.5,4319.17,3.50411]
[3887.68,4247.88,0.384059]
[3755.88,4228.96,0.309629]
[4302.04,3429.2,0.269188]
[2775.39,3197.44,6.12144]
[3779.65,4123.24,0.435483]
[3164.32,4255.14,2.83283]
[4713.61,3912.75,3.67168]
[3645.8,2899.87,0.881013]
[4049.17,4232.74,0.376402]
[4272.41,4326.19,3.6312]
[4069.02,4247.08,0.544331]
[4510.79,3879.81,0.305616]
[4475.11,3962.3,0.840635]
[4373.72,4077.93,0.252602]
[4369.94,4243.82,0.280451]
[4042.21,4278.41,4.26498]
[4167.03,4241.1,0.432825]
[4421.18,4102.91,0.78652]
[4035.86,4306.38,0.314483]
[3788.4,4309.58,3.83129]
[4497.04,3976.43,3.84829]
[3983.51,4233.62,0.282012]
[4362.35,3483.53,3.80657]
[3758.96,4845.71,0.253181]
[4376.66,4318.56,3.51923]
[3928.69,4150.04,3.98364]
[4460.77,3419.9,0.812569]
[4318.06,3449.36,0.256285]
[4230.62,4690.98,3.19554]
[4257.08,4238.01,3.52536]
[4359.78,3431.66,0.363031]
[3767.55,3780.05,1.21343]
[4512.83,4221.58,3.75442]
[4405.24,4212.33,4.07228]
[4465.27,4382.09,3.56376]
[4396.23,4082.22,0.40321]
[3987.07,4154.23,0.243687]
[4137.17,3589.29,0.322016]
[3976.71,4211.72,3.93697]
[4508.54,4374.62,0.26693]
[3763.76,3781.23,1.1338]
[3707.83,4454.06,0.87865]
[3893.83,3984.58,0.826651]
[4080.36,4348.75,0.978435]
[4460.62,3814.8,0.328072]
[4302.04,3429.2,0.269188]
[4562.91,3997.92,0.544401]
[4016.91,3618.25,4.73795]
[3978.87,4043.2,4.13268]
[4275.6,4400.76,4.03903]
[4625.5,4237.07,3.86682]
[4669.51,4316.71,0.392208]
[4600.89,4239.9,0.410282]
[4027.86,3650.72,3.82817]
[3976.31,4100.68,3.05143]
[4395.74,3957.56,0.341124]
[4597.66,4039.9,0.868191]
[4197.52,4233.07,3.7609]
[4257.31,4311.53,0.509779]
[4612.73,3987.71,0.47415]
[3928.69,4150.04,3.98364]
[4352.86,4350.42,3.24879]
[4390.49,3792.44,0.289406]
[3817.98,4558.9,0.968632]
[4386.44,4392.07,0.35277]
[4378.37,3506.83,3.16325]
[3811.39,4320.43,4.11814]
[4306.95,4167.08,4.35756]
[3555.52,3374.13,0.339434]
[4304.85,4140.21,4.04966]
[3920.75,4099.57,4.21545]
[3505.81,4924.72,0.34041]
[4323.27,4252.22,3.25923]
[4385.37,4467.56,0.468506]
[4035.77,4385.29,2.4212]
[4293.34,3513.49,0.622736]
[4070.04,4167.28,3.74232]
[4120.2,4649.26,5.08262]
[3959.45,3958.63,0.296755]
[3975.82,4103.74,3.39554]
[4165.63,4006.86,4.88465]
[4131.08,4175.36,0.208849]
[3823.23,4170.12,0.277871]
[4491.98,4501.65,0.693863]
[3983.51,4233.62,0.282012]
[4399.83,3960.55,0.342182]
[4460.62,3814.8,0.328072]
[4071.71,4206.16,3.82457]
[4393.14,3486.78,0.301273]
[4475.25,3958.61,4.67435]
[3505.81,4924.72,0.34041]
[4172.36,4330.52,1.78742]
[3513.33,2989.7,0.291394]
[4407.67,3846.16,0.645765]
[4427.18,3864.11,3.6763]
[3571.4,3385.95,3.76024]
[4041.44,4366.51,0.655037]
[4691.25,4354.31,3.18946]
[4170.55,4255.62,4.95667]
[4151.25,4641.96,1.10261]
[4008.19,4143.27,0.780544]
[3842.22,4010.85,3.65131]
[3951.78,2146.32,0.202012]
[4225.25,4244.23,3.40781]
[3767.55,3780.05,1.21343]
[4400.88,4217.25,4.08178]
[4222.33,4692.82,0.4]
[4481.27,4358.36,0.34127]
[4286.28,4019.27,6.32917]
[4379.09,3902.11,3.5553]
[4762.48,4019.32,0.887121]
[4081.45,4351.25,0.999051]
[4343.55,4202.53,0.136707]
[3948.32,4062.17,4.08351]
[2883.11,4229.8,0.34717]
[4379.92,4386.62,3.32217]
[4272.94,3833.19,0.280045]
[3773.76,2643.27,0.252802]
[3841.66,4222.16,3.6841]
[3980.26,4156.03,0.575983]
[4313.13,4211.19,4.17208]
[4562.91,3997.92,0.544401]
[4421.18,4102.91,0.78652]
[4155.36,4671.46,3.9659]
[3706.13,4199.07,0.906114]
[4475.13,3923.42,0.415922]
[4217.85,4275.63,6.30781]
[4102.21,3510.22,3.39748]
[4425.77,4341.84,0.273632]
[4311.67,4371.61,0.313099]
[3555.52,3374.13,0.339434]
[3485.34,4603.55,0.0723457]
[3758.96,4845.71,0.253181]
[4022.99,3618.41,3.94506]
[4054.78,3956.42,0.27215]
[4288.64,3511.6,0.50975]
[3874.23,3987.97,0.736244]
[4156.46,4213.69,3.8477]
[3949.86,2151.01,0.326122]
[3668.86,4817.19,0.235821]
[4046.41,4159.02,0.273264]
[4590.68,3951.08,0.788691]
[4030.36,3864.3,0.290366]
[3900.61,4200.36,3.93552]
[4444.29,4170.28,0.441231]
[4586.79,3939.55,0.307158]
[3109.3,3743.21,0.336123]
[4357.82,3513.18,0.233932]
[4470.47,4361.42,0.517235]
[3863.95,4037.94,3.7722]
[4507.83,3875.7,0.269403]
[3823.23,4170.12,0.277871]
[4137.17,3589.29,0.322016]
[4151.85,3613.57,0.296907]
[4600.89,4239.9,0.410282]
[3684.68,4086.65,0.323328]
[4103.03,3769.67,1.55785]
[4027.46,3495.26,3.0715]
[4080.36,4348.75,0.978435]
[4097.52,3517.3,0.354448]
[4016.91,3618.25,4.73795]
[4600.89,4239.9,0.410282]
[4312.47,4378.59,0.343063]
[3981.05,3670.93,3.00579]
[4055.3,3660.96,0.389769]
[4390.49,3792.44,0.289406]
[3786.44,3956.15,0.797163]
[4133,4320.17,0.465055]
[4084.09,3914.44,0.316757]
[4373.72,4077.93,0.252602]
[3887.38,4061,3.83055]
[4405.33,3855.73,4.66052]
[4183.13,4037.67,3.59893]
[4437.95,4202.36,3.81138]
[3874.6,4027.22,0.598833]
[2883.11,4229.8,0.34717]
[4057.02,3690.24,6.87726]
[4535.62,4006.2,6.3926]
[4004.85,3789.43,1.32682]
[3750.53,4295.19,3.3779]
[4130.47,4186.57,0.322485]
[4378.77,4078.26,0.238102]
[3981.05,3670.93,3.00579]
[4491.98,4501.65,0.693863]
[4970.26,4224.73,0.263941]
[4004.54,4102.76,6.2929]
[4042.75,4278.55,0.464517]
[4357.82,3513.18,0.233932]
[4175.35,4133.37,3.75266]
[4530.12,4026.9,0.153292]
[4312.47,4378.59,0.343063]
[4304.59,3477.11,0.310045]
[3658.16,4830.66,4.12302]
[4172.36,4330.52,1.78742]
[3706.13,4199.07,0.906114]
[4541.2,3970.33,0.280464]
[4151.65,4006.75,4.17111]
[4191.2,4013.37,4.33892]
[4270.17,4361.9,0.394705]
[4030.36,3864.3,0.290366]
[4077.41,3492.97,0.0986691]
[4527.22,3990.84,3.72265]
[4312.13,4114.87,4.05769]
[3969.64,4166.74,0.246603]
[3164.32,4255.14,2.83283]
[4167.03,4241.1,0.432825]
[3555.52,3374.13,0.339434]
[4426.16,4192.3,3.68592]
[4021.57,3560.08,0.297188]
[4177.08,3832.42,0.291605]
[4553.68,3947.5,0.464119]
[3755.88,4228.96,0.309629]
[3878.26,4436.2,1.01619]
[3766.22,2623.81,0.246878]
[4108.37,4610.92,0.977716]
[4695.61,3920.77,4.04622]
[4072.04,3558.89,0.358282]
[4530.12,4026.9,0.153292]
[3994.71,4234.37,0.360233]
[4747.38,3913.8,0.358171]
[4032.46,4346.72,5.38819]
[3830.65,4528.87,6.28128]
[4343.18,3918.57,3.29421]
[4510.79,3879.81,0.305616]
[3765.24,3941.56,0.512344]
[3982.63,4004.33,0.414055]
[4249.68,3827.32,0.831013]
[4164.9,4716.26,0.885503]
[4294.37,3874.09,3.45443]
[4058.11,3931.28,3.69497]
[3967.2,4162.3,0.286999]
[4039.95,4133.43,3.96446]
[4164.9,4716.26,0.885503]
[4175.35,4147.73,3.69569]
[4257.31,4311.53,0.509779]
[3779.93,4214.76,0.313954]
[3018.27,2744.74,0.641098]
[4046.6,4062.07,3.86172]
[3646.69,2941.62,0.328889]
[4144.93,4102.94,0.478235]
[4128.77,3609.04,3.76891]
[4215.43,3941.47,0.497629]
[2878.2,4231.07,0.333944]
[4379.92,4386.62,3.32217]
[3859.58,4500.15,2.45793]
[4341.57,4203.17,2.96571]
[4071.14,4231.04,4.36682]
[4074.78,3957.37,0.251719]
[4027.46,3495.26,3.0715]
[4400.32,3887.28,0.231142]
[3931.4,4063.12,4.12499]
[3958.85,3980.9,3.86683]
[3061.08,3468.04,0.404038]
[4035.86,4306.38,0.314483]
[3888.57,4107.11,3.52218]
[4399.86,4037.47,0.467041]
[3520.33,3402.23,0.265519]
[4407.67,3846.16,0.645765]
[2883.11,4229.8,0.34717]
[3404.36,4655.43,0.664272]
[3981.07,4206.79,3.88967]
[4075.01,4271.49,6.31737]
[4174.26,3828.21,0.308777]
[3887.68,4247.88,0.384059]
[3672.23,4820.98,0.284842]
[4445.94,4165.69,0.431499]
[4350.7,3864.6,3.92589]
[4454.8,4095.82,0.437691]
[2855.55,4241.15,4.23439]
[4460.62,3814.8,0.328072]
[3979.85,4100.32,3.82348]
[4035.77,4385.29,2.4212]
[3723.04,4052.34,5.63271]
[4404.32,4206.74,4.13148]
[3797.98,4214.91,3.95018]
[4322.99,4150.57,0.350117]
[3805.57,3938.94,0.659941]
[3779.65,4123.24,0.435483]
[4527.22,3990.84,3.72265]
[4164.2,3924.86,4.01399]
[4035.77,4385.29,2.4212]
[4385.37,4467.56,0.468506]
[4195.79,3852.02,3.75031]
[3958.85,3980.9,3.86683]
[4427.36,4266.1,4.58336]
[3762.56,4468.32,0.64431]
[4380.17,3903.46,0.510311]
[4512.83,4221.58,3.75442]
[4100.03,4509.68,4.81615]
[4497.04,3976.43,3.84829]
[4020.86,3599.74,0.539265]
[4423.17,4022.82,0.794155]
[4137.13,3594.36,0.288097]
[3976.71,4211.72,3.93697]
[4455.38,3837.29,3.77091]
[3824.82,4209.6,0.259148]
[4168.63,4108.09,0.0224323]
[3798.06,4001.76,0.789618]
[4411.57,3800.07,0.835772]
[4405.24,4212.33,4.07228]
[4035.51,3648.66,2.88329]
[4409.65,3517.43,0.573162]
[4362.38,3436.01,0.325033]
[3731.26,4465.78,0.72644]
[3658.16,4830.66,4.12302]
[4581.77,3938.9,0.276007]
[4427.36,4266.1,4.58336]
[4318.53,3410.69,3.7636]
[4332.57,3105.75,0.277782]
[4357.17,4450.73,0.371475]
[3860.79,4473.52,0.99361]
[3878.26,4436.2,1.01619]
[3927.77,4107.2,4.94787]
[3056.43,3730.24,0.686903]
[4350.39,3459.4,0.362768]
[3555.52,3374.13,0.339434]
[3418.06,4593.05,0.649506]
[4074.78,3957.37,0.251719]
[4343.18,3918.57,3.29421]
[3085.13,2798.17,0.079505]
[4156.46,4213.69,3.8477]
[3169.16,4262.12,0.601264]
[4204.52,4245.99,4.70172]
[4337.73,4406.71,0.496895]
[3893.83,3984.58,0.826651]
[4411.57,3800.07,0.835772]
[4221.65,3976.24,3.88964]
[4312.47,4378.59,0.343063]
[4184.6,4401.55,0.372208]
[4150.92,4641.51,4.85654]
[4128.77,3609.04,3.76891]
[3869.96,4239.93,3.98142]
[4217.85,4275.63,6.30781]
[4304.66,3474.77,0.36529]
[3791.69,3949.47,0.352041]
[3981.07,4206.79,3.88967]
[4462.05,4059.61,3.79025]
[4401.22,4115.67,0.247555]
[4248.04,3539.54,1.04283]
[4035.77,4385.29,2.4212]
[4153.59,3618.34,0.226837]
[4762.48,4019.32,0.887121]
[3821.16,4165.49,0.302391]
[4447.67,4125.08,3.23283]
[3868.27,4105.58,4.12152]
[4200.27,4064.43,0.342112]
[4072.54,3554.03,0.358282]
[4506.82,4369.85,0.272224]
[3911.22,2238.23,0.325288]
[4299.17,3093.73,0.54444]
[4242.74,3992.45,6.20397]
[4195.79,3852.02,3.75031]
[3920.75,4099.57,4.21545]
[4168.37,4169.96,3.19953]
[4268.86,3889.01,0.835552]
[4302.6,4172.01,4.42539]
[4022.46,3986.44,0.811949]
[4472.5,4434.5,1.39]
[3751.5,3810.2,2.27473]
[4027.46,3495.26,3.0715]
[4242.76,4073.8,6.36224]
[4307.94,3089.56,0.371122]
[4042.75,4278.55,0.464517]
[3764.86,2677.76,0.300779]
[4318.06,3449.36,0.256285]
[3061.08,3468.04,0.404038]
[4014.51,3873.11,0.754713]
[3684.68,4086.65,0.323328]
[4198,4241.3,6.12724]
[4965.61,4226.75,0.245411]
[4567.75,4037.06,3.81112]
[4355.07,4350.42,3.24132]
[4195.37,3913.54,3.17323]
[4248.13,3942.38,3.81407]
[3646.69,2941.62,0.328889]
[4217.16,3960.59,0.581398]
[3021.86,3474.46,0.646787]
[4151.85,3613.57,0.296907]
[4454.75,3893.57,0.752472]
[4151.85,3613.57,0.296907]
[4017.69,3564.45,0.476917]
[4319.71,4213.25,3.15961]
[4385.31,4217.58,3.84873]
[4762.48,4019.32,0.887121]
[4313.34,4311,0.570156]
[3490,4601.55,0.251231]
[4180.55,4019.85,4.27202]
[4970.26,4224.73,0.263941]
[4312.47,4378.59,0.343063]
[3767.55,3780.05,1.21343]
[3771.9,4126.72,3.30976]
[4331.5,4319.17,3.50411]
[4684.42,4367.59,0.38143]
[4184.6,4401.55,0.372208]
[4274.22,4278.86,3.60015]
[3858.83,4444.68,1.45802]
[4001.32,4178.95,0.550631]
[4471.56,3960.95,0.869801]
[4249.68,3827.32,0.831013]
[4407.29,3510.79,0.267111]
[4001.32,4178.95,0.550631]
[3832.82,4118.3,0.437841]
[4406.38,3940.88,0.423834]
[4131.71,4099.07,0.540359]
[3743.29,4515.51,0.468519]
[4487.49,4012.18,1.85773]
[4080.36,4348.75,0.978435]
[4455.38,3837.29,3.77091]
[3994.09,3509.14,0.788715]
[3828.08,3986.58,3.32963]
[4175.95,3881.84,0.875673]
[4057.02,3690.24,6.87726]
[4080.84,4230.75,4.29268]
[4225.27,4239.35,3.3945]
[3946.8,4151.34,3.51698]
[4032.35,4178.54,4.79896]
[3938.21,2219.92,0.945887]
[4029.93,2127.89,0.392595]
[4176.73,4182.52,3.80413]
[3797.98,4214.91,3.95018]
[4031.56,4232.37,3.87066]
[4396.84,4240.95,3.61326]
[4524.81,3987.65,3.67796]
[3513.33,2989.7,0.291394]
[4304.85,4140.21,4.04966]
[4313.34,4311,0.570156]
[4310.38,4305.96,0.353308]
[4031.55,3516.9,0.710213]
[4095.03,4209.33,0.335278]
[4163.79,4007.79,4.89944]
[4748.68,3960.43,0.705109]
[4118.2,4128.61,0.515757]
[3684.68,4086.65,0.323328]
[4307.5,4097.67,4.12425]
[4014.51,3873.11,0.754713]
[3571.4,3385.95,3.76024]
[4426.89,4256.7,3.71828]
[3920.29,4247.77,0.542667]
[4298.1,3432.39,0.335114]
[3747.4,4445.77,0.425993]
[4067.72,4241.56,4.46709]
[4236.39,3925.97,3.78556]
[4055.3,3660.96,0.389769]
[4965.61,4226.75,0.245411]
[3928.69,4150.04,3.98364]
[3948.32,4062.17,4.08351]
[4008.19,4143.27,0.780544]
[3858.83,4444.68,1.45802]
[4267.2,3981.66,0.235559]
[4322.99,4150.57,0.350117]
[4240.2,4007.13,0.694647]
[4308.53,4051.44,3.22325]
[4150.14,4007.92,4.32279]
[3911.22,4061.8,4.99267]
[3958.85,3980.9,3.86683]
[3843.54,4207.73,3.92219]
[4079.03,4273.48,6.51978]
[4342.52,3922.56,3.27271]
[4212.84,3971.79,4.94112]
[4553.68,3947.5,0.464119]
[3703.9,4085.8,3.71706]
[3824.82,4209.6,0.259148]
[3565.62,3027.79,0.212824]
[3431.96,4577.96,0.497633]
[3836.18,4185.14,0.382977]
[4355.29,3978.99,3.86761]
[4430.78,3862.26,3.67846]
[4268.86,3889.01,0.835552]
[4608.97,3985.73,0.532373]
[3893.83,3984.58,0.826651]
[4188.88,3908.66,3.35012]
[4732.2,3925.03,0.253279]
[3925.65,4061.14,3.84653]
[4141.53,3631.09,0.479177]
[3431.96,4577.96,0.497633]
[4006.37,4056.97,3.52874]
[3919.06,4254.71,0.244332]
[4681.5,4306.01,0.611292]
[3811.39,4320.43,4.11814]
[4230.62,4690.98,3.19554]
[3363.49,3412.04,0.285335]
[4491.98,4501.65,0.693863]
[3798.06,4001.76,0.789618]
[4441.92,4394.15,3.77315]
[4074.78,3957.37,0.251719]
[4523.21,3886.5,0.408344]
[4049.17,4232.74,0.376402]
[3503.62,4920.15,0.544645]
[3766.22,2623.81,0.246878]
[4510.95,4030.29,3.65528]
[4506.82,4369.85,0.272224]
[4849.82,4602.18,4.46103]
[3948.32,4062.17,4.08351]
[4039.95,4133.43,3.96446]
[3990.29,3338.94,0.779415]
[3834.68,4083.01,0.419146]
[4128.77,3609.04,3.76891]
[2878.2,4231.07,0.333944]
[4234.83,3581.61,1.13393]
[3721.53,4050.69,9.99976]
[4342.24,3446.48,0.685148]
[3853.68,4513.94,5.0463]
[4491.98,4501.65,0.693863]
[4454.8,4095.82,0.437691]
[4249.68,3827.32,0.831013]
[4713.61,3912.75,3.67168]
[4070.04,4167.28,3.74232]
[4275.6,4400.76,4.03903]
[4370.85,4047.12,2.96504]
[4491.98,4501.65,0.693863]
[4406.38,3940.88,0.423834]
[4197.5,4066.17,0.303534]
[3955.94,4241.5,3.34527]
[4056.86,3694.72,6.35669]
[4321.76,4145.39,3.62804]
[2779.34,3195.31,7.08104]
[3952.89,4241.01,3.36547]
[4455.38,3837.29,3.77091]
[4156.46,4213.69,3.8477]
[4355.51,4347.36,3.244]
[3832.48,4527.81,6.08232]
[4070.04,4169.45,3.78389]
[4350.7,3864.6,3.92589]
[4255.85,4232.82,0.352245]
[4386.44,4392.07,0.35277]
[4176.3,4022.06,3.92219]
[3779.65,4123.24,0.435483]
[4312.47,4378.59,0.343063]
[3791.69,3949.47,0.352041]
[3874.7,4437.12,1.2085]
[4197.51,4235.24,3.78068]
[4379.91,3872.93,3.53379]
[3404.36,4655.43,0.664272]
[4124.18,4107.47,0.281218]
[4223.42,4309.19,3.98899]
[3811.33,4186.1,3.24121]
[3990.29,3338.94,0.779415]
[4121.55,4650.19,4.98553]
[4329.97,4098.51,4.16032]
[4199.82,4718.74,0.275611]
[4732.2,3925.03,0.253279]
[4305.86,3088.48,0.407889]
[4172.36,4330.52,1.78742]
[3994.09,3509.14,0.788715]
[2779.97,3201.18,3.89878]
[3561.52,3024.83,0.252956]
[4074.78,3957.37,0.251719]
[4051.37,4063.63,4.15258]
[3863.89,4110.49,4.11896]
[2779.97,3201.18,3.89878]
[4343.55,4202.53,0.136707]
[4164.9,4716.26,0.885503]
[4405.4,3917.97,0.329844]
[4247.47,4276.4,4.0885]
[3751.5,3810.2,2.27473]
[4744.15,3917.7,0.280304]
[2855.55,4241.15,4.23439]
[3404.36,4655.43,0.664272]
[4167.03,4241.1,0.432825]
[3767.55,3780.05,1.21343]
[4487.49,4012.18,1.85773]
[4440.96,4243.34,0.117342]
[4475.13,3923.42,0.415922]
[4319.67,4328,3.51765]
[4268.61,3830.55,0.34594]
[4247.47,4276.4,4.0885]
[4507.48,4034.33,0.422499]
[4010.01,3602.62,0.743635]
[4175.95,3881.84,0.875673]
[3973.93,2694.55,0.266935]
[4673.03,3928.5,0.269701]
[4528.53,3989.85,3.70093]
[3843.53,4213.6,3.99022]
[4096.66,4140.06,4.67748]
[4399.83,3960.55,0.342182]
[4595.83,4239.65,0.413603]
[4176.3,4022.06,3.92219]
[4454.75,3893.57,0.752472]
[4255.59,4311.67,3.53219]
[4224.69,4102.77,0.342857]
[3762.56,4468.32,0.64431]
[4319.67,4328,3.51765]
[4681.5,4306.01,0.611292]
[3890.43,4105.54,4.10081]
[4407.67,3846.16,0.645765]
[3060.22,3737.84,3.66627]
[3850.56,4308.99,0.822754]
[4307.55,4212.11,4.47816]
[4081.47,3741.52,4.77515]
[3706.13,4199.07,0.906114]
[4540.06,4005.57,6.96471]
[4167.03,4241.1,0.432825]
[3109.3,3743.21,0.336123]
[4242.77,4041.04,3.62118]
[3404.77,4576.82,3.45514]
[4199.45,4723.8,0.296684]
[3984.02,4063.14,4.26319]
[4221.85,4277.66,6.92368]
[3646.69,2941.62,0.328889]
[4072.37,4101.37,3.76228]
[4903.23,3782.22,0.535412]
[4159.53,4006.53,6.17935]
[3396.42,4612.04,0.662588]
[3958.85,3980.9,3.86683]
[4165.63,4006.86,4.88465]
[3776.61,2648.41,0.597931]
[4271.51,3988.22,3.5735]
[3910.33,4054.39,4.69699]
[4077.6,4206.66,6.25149]
[4136.89,4022.66,3.73411]
[4476.75,4433.49,5.15339]
[4274.22,4278.86,3.60015]
[3485.34,4603.55,0.0723457]
[3981.07,4206.79,3.88967]
[3854.09,4518.24,0.917717]
[4093.76,4204.16,3.61503]
[4523.21,3886.5,0.408344]
[4168.37,4169.96,3.19953]
[4252.62,3949.83,3.64028]
[4077.21,3649.85,4.04228]
[4460.77,3419.9,0.812569]
[4497.41,4345.38,0.409939]
[2855.55,4241.15,4.23439]
[4487.49,4012.18,1.85773]
[3900.61,4200.36,3.93552]
[4104.72,4511.02,5.78015]
[4608.63,3986.17,4.34346]
[4039.95,4133.43,3.96446]
[3965.43,2176.32,0.833479]
[4491.98,4501.65,0.693863]
[4032.61,3597.77,4.10132]
[4338.35,3925.1,3.27451]
[4241.6,4006.11,3.71003]
[4114.53,4338.54,2.10143]
[4176.69,4376.96,0.387032]
[3836.18,4185.14,0.382977]
[4427.18,3864.11,3.6763]
[4400.32,3887.28,0.231142]
[4567.75,4037.06,3.81112]
[4116.17,3468.23,4.83252]
[4314.87,3445.42,0.346975]
[3817.98,4558.9,0.968632]
[4177.71,4124.52,3.20477]
[4001.44,4180.67,3.58493]
[4312.47,4378.59,0.343063]
[4076.22,3911.24,3.35929]
[3797.98,4214.91,3.95018]
[4004.54,4102.76,6.2929]
[4305.33,3945.86,6.34359]
[4277.9,4321.08,3.06629]
[4357.82,3513.18,0.233932]
[2878.2,4231.07,0.333944]
[4177.79,4266.22,4.03499]
[4318.53,3410.69,3.7636]
[4512.83,4221.58,3.75442]
[4438.27,4213.67,4.5709]
[4174.65,4188.24,3.52737]
[3785.98,4309.31,4.28576]
[4530.77,3890.36,3.33893]
[4045.35,4308.43,0.556918]
[4032.44,3649.05,3.35673]
[4491.98,4501.65,0.693863]
[4366.91,3450.24,3.29001]
[4595.83,4239.65,0.413603]
[3532.93,3423.07,0.531267]
[4086.05,3641.33,3.51699]
[4116.31,4167.36,0.319895]
[4441.92,4394.15,3.77315]
[4377.81,4107.82,0.329384]
[4320.21,4251.95,3.28109]
[4508.31,4521.14,0.645664]
[4321.31,3486.99,0.282833]
[4133,4320.17,0.465055]
[4453.54,4358.95,3.95643]
[4268.86,3889.01,0.835552]
[4053.84,4408.58,1.03612]
[3396.42,4612.04,0.662588]
[3976.31,4100.68,3.05143]
[4211.38,3972.5,4.95037]
[3931.4,4063.12,4.12499]
[3712.99,3851.63,1.20029]
[4558.64,3993.56,0.339626]
[4330.99,4277.05,0.379858]
[3927.16,4130.25,3.77553]
[4541.48,4039.27,6.10117]
[4179.69,4372.59,0.368856]
[4345.6,4063.36,3.52562]
[4363.7,4044.85,3.62707]
[3416.42,4642.43,0.431808]
[3804.36,4526.79,1.7547]
[4683.2,4372.51,0.438141]
[3823.23,4170.12,0.277871]
[4430.83,4406.22,3.32702]
[3505.81,4924.72,0.34041]
[3865.73,3987.71,0.380655]
[4471.56,3960.95,0.869801]
[3706.13,4199.07,0.906114]
[4509.83,4028.98,0.641874]
[4130.47,4186.57,0.322485]
[4432.1,3970.85,0.413919]
[4429.5,4362.58,4.73398]
[3104.23,3743.18,0.165572]
[4332.4,3110.81,0.229073]
[4444.29,4170.28,0.441231]
[4296.12,3877.5,3.46554]
[3851.45,4517.56,1.79249]
[4042.83,4307.39,0.609653]
[4200.27,4064.43,0.342112]
[4608.63,3986.17,4.34346]
[4553.68,3947.5,0.464119]
[4116.17,3468.23,4.83252]
[4393.14,3486.78,0.301273]
[3807.98,4324.95,4.09959]
[3391.28,4618.8,2.84821]
[4224.69,4102.77,0.342857]
[3949.45,4098.33,4.12137]
[4695.61,3920.77,4.04622]
[4275.6,4400.76,4.03903]
[4186.66,4396.92,0.245296]
[4331.5,4319.17,3.50411]
[3900.61,4200.36,3.93552]
[4304.85,4140.21,4.04966]
[4093.99,4049.45,0.306618]
[4170.55,4255.62,4.95667]
[4097.52,3517.3,0.354448]
[3750.53,4295.19,3.3779]
[4421.18,4102.91,0.78652]
[4407.67,3846.16,0.645765]
[3571.4,3385.95,3.76024]
[3824.82,4209.6,0.259148]
[4427.31,3971.84,0.452276]
[4347.98,4350.42,3.24463]
[4174.26,3828.21,0.308777]
[4257.31,4311.53,0.509779]
[4158.9,3794.73,0.700129]
[4323.59,4244.33,0.444258]
[3874.6,4027.22,0.598833]
[4389.85,3482.93,0.331911]
[4102.28,3550.41,0.352491]
[4684.42,4367.59,0.38143]
[3109.3,3743.21,0.336123]
[3706.13,4199.07,0.906114]
[3645.8,2899.87,0.881013]
[4170.46,4257.24,4.95217]
[4067.72,4241.56,4.46709]
[4213.71,3944.8,0.658131]
[4493.67,4246.13,0.757673]
[4247.23,4108.86,3.31619]
[4195.79,3852.02,3.75031]
[4030.7,4345.54,5.39492]
[3755.88,4228.96,0.309629]
[3765.62,3960.79,3.50804]
[4006.57,4098.76,6.73851]
[4034.71,4343.42,5.37024]
[4056.29,3958.22,0.250713]
[4058.11,3931.28,3.69497]
[3948.32,4062.17,4.08351]
[3843.49,4220.2,4.18621]
[3858.83,4444.68,1.45802]
[4318.03,3914.11,3.80396]
[4204.52,4245.99,4.70172]
[4450.21,4097.96,0.409328]
[3291.26,3337.39,0.777903]
[4175.6,4143.91,3.78128]
[4001.44,4180.67,3.58493]
[3746.27,4510.45,0.651994]
[4319.99,4210.19,3.24063]
[4547.86,3815.7,0.327486]
[4249.68,3827.32,0.831013]
[3821.16,4165.49,0.302391]
[3968.73,4103.61,3.35384]
[3229.81,2718.49,0.494047]
[4168.63,4108.09,0.0224323]
[3797.98,4214.91,3.95018]
[4077.21,3649.85,4.04228]
[4286.65,3857.79,3.19298]
[4323.27,4252.22,3.25923]
[3829.7,4061.67,3.90374]
[3927.44,4099.83,4.99857]
[4625.5,4237.07,3.86682]
[3571.4,3385.95,3.76024]
[3767.55,3780.05,1.21343]
[3948.56,2696.77,0.740496]
[4446.51,4331.61,0.890564]
[4411.26,3933.93,3.25471]
[4512.83,4221.58,3.75442]
[4031.86,3646.92,3.24988]
[3516.67,2985.89,0.261081]
[4503.37,4522.25,0.976986]
[4314.13,4081.99,6.0966]
[4183.13,4037.67,3.59893]
[3763.76,3781.23,1.1338]
[4438.15,4204.27,3.84488]
[4257.31,4311.53,0.509779]
[3418.06,4593.05,0.649506]
[4057.57,4459.11,1.11751]
[4237.87,3581.96,1.27001]
[4744.15,3917.7,0.280304]
[4175.35,4133.37,3.75266]
[3735.12,4469.07,0.368096]
[4510.95,4030.29,3.65528]
[4049.29,3959.05,0.606932]
[3132.87,2805.1,0.316999]
[4255.59,4311.67,3.53219]
[4240.2,4007.13,0.694647]
[3810.76,4061.98,5.46309]
[3841.69,4207.8,3.5844]
[3912.6,2233.35,0.147642]
[4175,4193.11,3.5529]
[3977.17,4195.7,0.248997]
[4033.38,3523.7,1.06594]
[4689.36,4346.03,0.451811]
[3841.87,4146.54,0.787116]
[4331.5,4319.17,3.50411]
[4317.27,4075.38,4.74009]
[4112.26,4610.19,1.26334]
[4247.23,4111.06,3.38794]
[4390.49,3792.44,0.289406]
[3516.99,3398.42,0.288104]
[4262.01,3971.71,0.345316]
[3791.69,3949.47,0.352041]
[4117.54,4652.31,5.16051]
[3857.46,4475.67,1.90337]
[4390.49,3792.44,0.289406]
[4399.86,4037.47,0.467041]
[3989.6,4062.18,4.32008]
[4373.66,3513.9,0.478584]
[3650.02,2937.79,0.263548]
[4362.35,3483.53,3.80657]
[3064.78,3475.69,3.22327]
[3817.65,2683.46,0.279277]
[4268.61,3830.55,0.34594]
[4512.83,4221.58,3.75442]
[4362.35,3483.53,3.80657]
[3887.68,4247.88,0.384059]
[4022.46,3986.44,0.811949]
[4076.22,3911.24,3.35929]
[4286.28,4019.27,6.32917]
[4193.83,4013.89,3.84608]
[4460.77,3419.9,0.812569]
[4382.69,3898.19,0.375793]
[4519.5,4055.57,0.385244]
[3565.62,3027.79,0.212824]
[3978.59,2696.53,0.292662]
[4185.55,4016.79,4.24467]
[4124.18,4107.47,0.281218]
[4124.18,4107.47,0.281218]
[4595.83,4239.65,0.413603]
[4029.99,3518.64,0.889862]
[3859.58,4500.15,2.45793]
[4077.88,3651.86,4.37301]
[4359.78,3431.66,0.363031]
[4374.08,3454.78,0.4086]
[4305.33,3945.86,6.34359]
[4551.83,4039.63,3.85099]
[4405.24,4212.33,4.07228]
[3434.15,4582.53,0.325424]
[3836.12,3983.85,0.416527]
[4310.5,3943,3.72505]
[4322.99,4150.57,0.350117]
[4004.85,3789.43,1.32682]
[3872.63,4061.81,4.31091]
[4714.49,3914.13,3.63986]
[3505.81,4924.72,0.34041]
[4318.53,3410.69,3.7636]
[4224.69,4102.77,0.342857]
[3026.58,2760.27,1.12387]
[4550.7,3819.9,0.346563]
[3829.7,4061.67,3.90374]
[4102.28,3550.41,0.352491]
[4396.23,4082.22,0.40321]
[4223.42,4309.19,3.98899]
[4102.48,4511.07,5.22579]
[4312.13,4114.87,4.05769]
[3958.85,3980.9,3.86683]
[4595.83,4239.65,0.413603]
[4054.78,3956.42,0.27215]
[4475.41,3959.15,0.869795]
[2855.55,4241.15,4.23439]
[3730.27,2609.49,0.269869]
[3765.24,3941.56,0.512344]
[3064.78,3475.69,3.22327]
[4411.57,3800.07,0.835772]
[4359.78,3431.66,0.363031]
[3703.9,4085.8,3.71706]
[4371.59,4313.03,3.0517]
[4350.7,3864.6,3.92589]
[4669.51,4316.71,0.392208]
[4145.4,4702.9,0.547183]
[4167.36,4646.6,2.50121]
[4268.86,3889.01,0.835552]
[4055.3,3660.96,0.389769]
[3863.89,4110.49,4.11896]
[3817.98,4558.9,0.968632]
[4230.62,4690.98,3.19554]
[4519.5,4055.57,0.385244]
[4318.53,3410.69,3.7636]
[4492.22,4045.65,3.03847]
[4314.87,3445.42,0.346975]
[4221.65,3976.24,3.88964]
[4147.38,3624.93,3.09085]
[4421.18,4102.91,0.78652]
[4353.12,4347.36,3.244]
[3930.2,2239.15,0.746128]
[3866.93,4174.03,3.02606]
[2883.11,4229.8,0.34717]
[3803.32,4188.93,0.403217]
[4217.16,3960.59,0.581398]
[3841.87,4146.54,0.787116]
[4430.13,4364.55,4.74585]
[4120.2,4649.26,5.08262]
[4423.17,4022.82,0.794155]
[4956.88,4210.76,0.664186]
[3418.06,4593.05,0.649506]
[4097.52,3517.3,0.354448]
[4431.57,4207.79,6.11182]
[3416.42,4642.43,0.431808]
[4307.55,4212.11,4.47816]
[4040.17,3620.23,0.569231]
[3911.22,2238.23,0.325288]
[4550.7,3819.9,0.346563]
[4347.98,4350.42,3.24463]
[4167.03,4241.1,0.432825]
[4205.24,3984.37,3.91931]
[4084.09,3914.44,0.316757]
[4077.23,4351.73,4.01761]
[4305.33,3945.86,6.34359]
[4153.59,3618.34,0.226837]
[4095.28,4232.48,3.90119]
[4438.75,3923.52,0.859451]
[3467.51,3395.57,0.766594]
[3805.43,3933.87,0.431046]
[4027.56,3566.76,4.05318]
[4029.99,3518.64,0.889862]
[4546.13,4035.36,3.81709]
[3485.34,4603.55,0.0723457]
[3715.96,4124.26,0.428295]
[4042.78,4061.85,3.92479]
[4184.6,4401.55,0.372208]
[4151.85,3613.57,0.296907]
[4308.24,4121.72,6.38916]
[4488.2,4380.17,0.276155]
[4249.82,3945.82,3.73856]
[4600.89,4239.9,0.410282]
[4523.21,3886.5,0.408344]
[4272.5,4278.99,0.565685]
[4130.47,4186.57,0.322485]
[4480.35,4376.91,0.588924]
[4221.65,3976.24,3.88964]
[4168.63,4108.09,0.0224323]
[4089.39,4138.97,4.63766]
[4310.44,4055.93,3.26792]
[3473.36,2827.97,0.792806]
[4122.35,3539.54,0.669123]
[3788.89,3946.75,0.180862]
[4010.44,4103.23,3.74994]
[3940.95,2187.12,0.392581]
[3961.26,4010.73,0.513035]
[4104.72,4511.02,5.78015]
[4078.49,3489.33,0.28076]
[3658.16,4830.66,4.12302]
[4491.98,4501.65,0.693863]
[4042.87,4172.34,0.547405]
[4270.64,4235.41,6.073]
[4304.85,4140.21,4.04966]
[4460.62,3814.8,0.328072]
[4543.55,3965.89,0.254181]
[3291.26,3337.39,0.777903]
[4493.67,4246.13,0.757673]
[4008.19,4143.27,0.780544]
[4345.6,4063.36,3.52562]
[4303.54,4177.59,4.49736]
[3899.63,4061.47,3.86317]
[4006.37,4056.97,3.52874]
[4046.41,4159.02,0.273264]
[4453.54,4358.95,3.95643]
[4167.03,4241.1,0.432825]
[3856.53,4448.4,5.00903]
[4681.5,4306.01,0.611292]
[4400.88,4217.25,4.08178]
[4176.3,4022.06,3.92219]
[4049.17,4232.74,0.376402]
[3938.21,2219.92,0.945887]
[4177.83,4256.69,4.84016]
[4395.48,3862.05,3.77772]
[3979.01,3678.15,3.58421]
[4305.54,4192.19,3.88266]
[4406.38,3940.88,0.423834]
[4319.52,3913.01,3.45253]
[3811.39,4320.43,4.11814]
[4033.35,4342.49,5.36038]
[4176.55,4194.98,4.04572]
[3722.67,4187.74,0.431022]
[3990.29,3338.94,0.779415]
[4468.16,4385.3,3.65211]
[4195.79,3852.02,3.75031]
[3905.69,4060.94,6.08245]
[4391.99,3865.17,3.50771]
[3981.05,3670.93,3.00579]
[4141.53,3631.09,0.479177]
[4510.95,4030.29,3.65528]
[4249.68,3827.32,0.831013]
[4237.87,3581.96,1.27001]
[4286.65,3857.79,3.19298]
[3720.83,4131.21,3.43482]
[3836.32,4010.47,6.34801]
[4291.33,3850.7,0.449455]
[4423.17,4022.82,0.794155]
[3977.17,4195.7,0.248997]
[4233.93,3991.07,4.83832]
[4547.86,3815.7,0.327486]
[4032.35,4178.54,4.79896]
[4460.62,3814.8,0.328072]
[4010.01,3602.62,0.743635]
[4314.87,3445.42,0.346975]
[3026.58,2760.27,1.12387]


"=================NORTH"
[2736.54,5119.36,0.421688]
[2745.04,5076.87,0.451412]
[3550.16,4965.85,0.896042]
[2742.82,5076.14,0.30867]
[3987.02,6129.48,0.821266]
[2831.13,5109.07,0.281544]
[3746.64,6279.41,0.349339]
[2831.13,5109.07,0.281544]
[2745.04,5076.87,0.451412]
[3372.16,4624.3,0.782804]
[3550.16,4965.85,0.896042]
[4319.72,6112.12,0.775248]
[4027.04,5660.08,0.318913]
[3807.18,4529.57,1.08055]
[2847.15,5087.04,3.41354]
[2828.85,5111.42,0.208862]
[3995.45,6141.12,0.299019]
[3416.42,4642.43,0.431808]
[3470.93,4976.73,0.709066]
[3464.45,4616.89,3.239]
[3658.16,4830.66,4.12302]
[4067.68,5680.34,0.461914]
[2799.89,5131.88,0.352703]
[3723.97,4517.32,0.219675]
[3658.16,4830.66,4.12302]
[3485.34,4603.55,0.0723457]
[3404.77,4576.82,3.45514]
[3987.02,6129.48,0.821266]
[3768.31,4499.76,0.242857]
[4052.25,6070.75,0.380608]
[4008.57,5645.29,0.45948]
[3747.95,6274.52,0.263538]
[4199.82,4718.74,0.275611]
[3530.87,4960.4,0.463976]
[3568.61,5935.66,0.284267]
[2726.99,5131.26,0.918728]
[3758.96,4845.71,0.253181]
[4049.66,6066.4,0.231422]
[3859.58,4500.15,2.45793]
[3817.98,4558.9,0.968632]
[4167.36,4646.6,2.50121]
[4150.92,4641.51,4.85654]
[3763.52,5910.45,0.188332]
[4093.61,6202.69,0.342995]
[3788.82,5989.13,0.276819]
[3998.12,6145.42,0.271442]
[3809.41,6091.65,0.282089]
[3979.67,5642.02,0.427052]
[4297.44,6095.8,0.272943]
[3967.55,5665.39,0.153881]
[2788.33,5148.43,3.62828]
[2806.12,5137.68,0.762123]
[4121.55,4650.19,4.98553]
[2828.85,5111.42,0.208862]
[3534.66,4957.03,0.764759]
[3474.37,4980.46,0.597862]
[3794.79,6199.62,0.297419]
[4023.96,6081.38,0.849918]
[4199.45,4723.8,0.296684]
[2828.85,5111.42,0.208862]
[3792.9,6216.41,0.775818]
[4029.51,5655.65,0.563137]
[4049.66,6066.4,0.231422]
[4089.29,6200.04,0.291128]
[2738.15,5111.02,3.38239]
[4029.51,5655.65,0.563137]
[3987.02,6129.48,0.821266]
[3859.58,4500.15,2.45793]
[3658.16,4830.66,4.12302]
[3474.37,4980.46,0.597862]
[3980.63,5637.76,4.33975]
[3550.16,4965.85,0.896042]
[4151.25,4641.96,1.10261]
[3517.55,4949.56,3.23994]
[3762.56,4468.32,0.64431]
[3792.9,6216.41,0.775818]
[2726.99,5131.26,0.918728]
[3723.97,4517.32,0.219675]
[3854.96,4513.28,1.83763]
[2828.85,5111.42,0.208862]
[3960.89,5656.23,0.520554]
[4155.36,4671.46,3.9659]
[3960.89,5656.23,0.520554]
[2766.38,5103.68,0.22963]
[3859.58,4500.15,2.45793]
[3396.38,4575.47,0.161987]
[3762.56,4468.32,0.64431]
[3534.66,4957.03,0.764759]
[3746.64,6279.41,0.349339]
[3804.36,4526.79,1.7547]
[3672.23,4820.98,0.284842]
[3746.8,4507.77,0.657828]
[2886.84,5048.22,5.10103]
[3857.46,4475.67,1.90337]
[3464.45,4616.89,3.239]
[4294.72,6100.07,0.298895]
[3832.48,4527.81,6.08232]
[3760.39,5914.43,0.329578]
[3376.71,4622.08,0.937646]
[4006.81,5641.8,0.425632]
[3485.34,4603.55,0.0723457]
[3988.92,6093.75,0.21097]
[4019,5141.55,1.19281]
[3485.34,4603.55,0.0723457]
[4148.29,4644.99,1.05978]
[4019,5141.55,1.19281]
[3404.36,4655.43,0.664272]
[4052.25,6070.75,0.380608]
[4164.9,4716.26,0.885503]
[3792.9,6216.41,0.775818]
[4067.68,5680.34,0.461914]
[2801.74,5111.91,0.204292]
[3568.61,5935.66,0.284267]
[2778.18,5171.04,0.264469]
[3570.73,5931.06,0.27293]
[4067.68,5680.34,0.461914]
[3492.34,4957.49,4.44699]
[4199.45,4723.8,0.296684]
[3762.56,4468.32,0.64431]
[3794.79,6199.62,0.297419]
[3789.95,6198.11,0.271679]
[4003.31,5647.91,0.456032]
[3658.16,4830.66,4.12302]
[3967.16,5663.08,0.156784]
[4152.09,4645.01,1.2668]
[3550.16,4965.85,0.896042]
[3987.02,6129.48,0.821266]
[4113.65,6044.63,0.264442]
[2766.38,5103.68,0.22963]
[3762.56,4468.32,0.64431]
[4152.09,4645.01,1.2668]
[3853.68,4513.94,5.0463]
[4034.5,6374.42,0.262293]
[3503.62,4920.15,0.544645]
[4089.29,6200.04,0.291128]
[3788.82,5989.13,0.276819]
[3789.95,6198.11,0.271679]
[3416.42,4642.43,0.431808]
[3792.9,6216.41,0.775818]
[3434.15,4582.53,0.325424]
[3658.16,4830.66,4.12302]
[4065.95,5660.37,0.80143]
[4021.6,6127.16,0.33605]
[3789.95,6198.11,0.271679]
[3859.58,4500.15,2.45793]
[3416.42,4642.43,0.431808]
[3763.84,4847.09,0.367725]
[2766.38,5103.68,0.22963]
[3987.02,6129.48,0.821266]
[4151.25,4641.96,1.10261]
[3832.48,4527.81,6.08232]
[4155.36,4671.46,3.9659]
[3995.25,6072.72,0.501352]
[2812.18,5050.05,0.854248]
[4104.72,4511.02,5.78015]
[3808.17,6096.56,0.351784]
[3851.45,4517.56,1.79249]
[3418.06,4593.05,0.649506]
[2736.52,5216.96,0.278229]
[3534.66,4957.03,0.764759]
[4013.97,5142.1,0.658993]
[2778.18,5171.04,0.264469]
[3658.16,4830.66,4.12302]
[3789.95,6198.11,0.271679]
[4016,6101.48,0.205702]
[4110.33,4607.81,0.826448]
[2828.85,5111.42,0.208862]
[3503.62,4920.15,0.544645]
[3851.45,4517.56,1.79249]
[2851.79,5089.65,0.303818]
[4034.5,6374.42,0.262293]
[3848.07,6014.48,0.349567]
[3746.64,6279.41,0.349339]
[3490,4601.55,0.251231]
[3988.92,6093.75,0.21097]
[3764.1,4502.58,0.262225]
[3517.55,4949.56,3.23994]
[2736.52,5216.96,0.278229]
[3464.45,4616.89,3.239]
[3396.42,4612.04,0.662588]
[4009.31,6103.71,0.575184]
[3391.28,4618.8,2.84821]
[4108.37,4610.92,0.977716]
[3809.41,6091.65,0.282089]
[4019,5141.55,1.19281]
[3724.22,4512.26,0.257651]
[3758.96,4845.71,0.253181]
[3763.84,4847.09,0.367725]
[4019,5141.55,1.19281]
[4034.5,6374.42,0.262293]
[3503.62,4920.15,0.544645]
[3658.16,4830.66,4.12302]
[3758.96,4845.71,0.253181]
[3658.16,4830.66,4.12302]
[3967.16,5663.08,0.156784]
[4145.4,4702.9,0.547183]
[3414.03,4637.97,0.42819]
[3747.95,6274.52,0.263538]
[3987.02,6129.48,0.821266]
[3376.71,4622.08,0.937646]
[2726.99,5131.26,0.918728]
[4052.25,6070.75,0.380608]
[3505.81,4924.72,0.34041]
[3817.98,4558.9,0.968632]
[3988.92,6093.75,0.21097]
[2828.85,5111.42,0.208862]
[4021.6,6127.16,0.33605]
[3672.23,4820.98,0.284842]
[4019,5141.55,1.19281]
[2745.42,5080.75,0.500057]
[2733.54,5221.06,0.229786]
[4065.95,5660.37,0.80143]
[4164.9,4716.26,0.885503]
[3854.09,4518.24,0.917717]
[3724.22,4512.26,0.257651]
[3995.25,6072.72,0.501352]
[2766.38,5103.68,0.22963]
[3960.89,5656.23,0.520554]
[3743.29,4515.51,0.468519]
[3485.34,4603.55,0.0723457]
[4001.41,5649.87,0.285664]
[3792.9,6216.41,0.775818]
[4067.68,5680.34,0.461914]
[3758.96,4845.71,0.253181]
[3748.55,4516.1,0.310302]
[4051.04,5140.53,3.79793]
[3746.66,4517.48,0.329147]
[3404.36,4655.43,0.664272]
[4119.31,4653.49,5.43834]
[3668.86,4817.19,0.235821]
[3808.17,6096.56,0.351784]
[4065.95,5660.37,0.80143]
[2778.18,5171.04,0.264469]
[3550.16,4965.85,0.896042]
[3992.84,5700.04,0.337254]
[2846.08,5088.4,0.333977]
[4110.33,4607.81,0.826448]
[3960.89,5656.23,0.520554]
[4297.44,6095.8,0.272943]
[3492.34,4957.49,4.44699]
[3853.02,6015.55,0.242983]
[3550.16,4965.85,0.896042]
[3955.91,5657.21,0.328007]
[4119.31,4653.49,5.43834]
[3492.34,4957.49,4.44699]
[4065.95,5660.37,0.80143]
[2738.15,5111.02,3.38239]
[3509.79,4946.1,0.721058]
[4067.68,5680.34,0.461914]
[3762.56,4468.32,0.64431]
[4051.04,5140.53,3.79793]
[3530.87,4960.4,0.463976]
[4034.5,6374.42,0.262293]
[3748.55,4516.1,0.310302]
[3758.96,4845.71,0.253181]
[3851.45,4517.56,1.79249]
[3464.45,4616.89,3.239]
[2837.26,5065.86,3.54772]
[4108.37,4610.92,0.977716]
[2806.12,5137.68,0.762123]
[4110.33,4607.81,0.826448]
[3474.37,4980.46,0.597862]
[3530.87,4960.4,0.463976]
[2801.74,5111.91,0.204292]
[3431.96,4577.96,0.497633]
[2799.89,5131.88,0.352703]
[3530.87,4960.4,0.463976]
[3984.6,6096.4,0.307384]
[3503.62,4920.15,0.544645]
[3668.86,4817.19,0.235821]
[2805.75,5115,0.381836]
[4155.36,4671.46,3.9659]
[2828.85,5111.42,0.208862]
[3794.79,6199.62,0.297419]
[2803.83,5039.08,0.714794]
[4012.44,5690.12,0.634556]
[3794.79,6199.62,0.297419]
[3860.14,4477.14,1.10227]
[2828.85,5111.42,0.208862]
[3792.9,6216.41,0.775818]
[2770.37,5106.81,0.379784]
[3550.16,4965.85,0.896042]
[3955.91,5657.21,0.328007]
[3570.73,5931.06,0.27293]
[3848.07,6014.48,0.349567]
[3981.12,5638.04,0.556061]
[4027.04,5660.08,0.318913]
[3854.96,4513.28,1.83763]
[4109.35,6041.94,0.196106]
[2726.99,5131.26,0.918728]
[4019,5141.55,1.19281]
[3859.58,4500.15,2.45793]
[2886.84,5048.22,5.10103]
[2775.38,5175.26,0.263062]
[4199.82,4718.74,0.275611]
[2770.37,5106.81,0.379784]
[3992.84,5700.04,0.337254]
[4167.36,4646.6,2.50121]
[4152.09,4645.01,1.2668]
[3860.79,4473.52,0.99361]
[3470.93,4976.73,0.709066]
[4013.97,5142.1,0.658993]
[3758.96,4845.71,0.253181]
[2775.38,5175.26,0.263062]
[4012.44,5690.12,0.634556]
[3984.6,6096.4,0.307384]
[3808.17,6096.56,0.351784]
[2846.08,5088.4,0.333977]
[3830.65,4528.87,6.28128]
[3970.43,5660.95,0.262775]
[4065.95,5660.37,0.80143]
[3396.42,4612.04,0.662588]
[2806.12,5137.68,0.762123]
[4102.48,4511.07,5.22579]
[3485.34,4603.55,0.0723457]
[4297.44,6095.8,0.272943]
[3492.34,4957.49,4.44699]
[4230.62,4690.98,3.19554]
[2851.79,5089.65,0.303818]
[3859.58,4500.15,2.45793]
[4013.97,5142.1,0.658993]
[4110.33,4607.81,0.826448]
[3763.52,5910.45,0.188332]
[4120.2,4649.26,5.08262]
[4023.96,6081.38,0.849918]
[4297.44,6095.8,0.272943]
[4145.4,4702.9,0.547183]
[2799.89,5131.88,0.352703]
[4029.51,5655.65,0.563137]
[3859.58,4500.15,2.45793]
[3464.45,4616.89,3.239]
[4140.98,4700.42,0.559884]
[3530.87,4960.4,0.463976]
[3418.06,4593.05,0.649506]
[4051.04,5140.53,3.79793]
[3788.82,5989.13,0.276819]
[3672.23,4820.98,0.284842]
[3418.06,4593.05,0.649506]
[2770.37,5106.81,0.379784]
[3747.95,6274.52,0.263538]
[3857.46,4475.67,1.90337]
[4052.25,6070.75,0.380608]
[4008.57,5645.29,0.45948]
[3746.8,4507.77,0.657828]
[4008.57,5645.29,0.45948]
[4167.36,4646.6,2.50121]
[3967.55,5665.39,0.153881]
[3763.84,4847.09,0.367725]
[3768.31,4499.76,0.242857]
[4113.65,6044.63,0.264442]
[3981.12,5638.04,0.556061]
[3747.95,6274.52,0.263538]
[3786.92,5993.83,0.325663]
[4108.37,4610.92,0.977716]
[3404.36,4655.43,0.664272]
[3789.95,6198.11,0.271679]
[3434.15,4582.53,0.325424]
[2726.99,5131.26,0.918728]
