"INSRXN - IED positions - ALL"
[2885.37,599.416,0.000602722]
[2884.07,650.388,0.172484]
[2896.2,595.63,-0.00517464]
[2895.7,647.761,0.000673294]
[2900.76,629.07,0.000874519]
[2891.16,702.287,0.0482903]
[2923.29,815.403,0.0243192]
[2929.84,827.863,0.0342531]
[2927.38,848.015,0.0146236]
[2931.36,834.315,0.0420837]
[2927.64,851.279,0.0217314]
[2710.07,1419.69,0.130533]
[2765.38,1312.89,0.0344515]
[2788.5,1265.81,-0.00278425]
[2708.87,1430.03,0.00457907]
[2939.79,860.654,0.00692129]
[2739.77,1371.59,0.0272527]
[2664.7,1519.82,0.000441551]
[2940.44,874.572,0.0109701]
[2784.4,1289.14,0.0293546]
[2652.87,1561.67,0.00331211]
[2635.31,1618.87,-0.0125294]
[2645.59,1604.17,-0.00563669]
[2639.56,1628.44,-0.017231]
[2956.74,959.319,0.0053494]
[2639.38,1646.24,-0.0067234]
[2962.64,964.79,0.004421]
[2901.12,1149.03,0.0122485]
[2958.55,993.452,0.00785565]
[2643.79,1660.23,-0.00449944]
[2926.71,1088.3,0.00393486]
[2899.41,1161.03,0.0238085]
[2894.76,1172.77,0.0471716]
[2640.8,1668.5,-0.00111771]
[2899.86,1164.4,0.0151005]
[2940.49,1066.32,-0.0159841]
[2923.27,1113.37,0.00305462]
[2649.94,1694.17,6.05583e-005]
[2655.03,1704.6,-0.000737667]
[2664.01,1713.99,-0.00732899]
[2665.69,1724.14,-0.00114155]
[3145.7,522.588,0.00406647]
[3147.36,575.005,0.00146961]
[3155.51,573.967,0.000702381]
[3154.47,588.984,0.0033412]
[3154.31,596.37,-0.00361776]
[3155.25,668.344,0.0116816]
[2707.67,1785.1,-0.0147815]
[2720.7,1802.16,0.0123968]
[3183.48,759.971,-5.29289e-005]
[2729.94,1812.82,-0.00697994]
[3178.51,820.945,-0.00448847]
[3182.88,834.181,-0.00290203]
[3185.51,826.661,-0.00156498]
[3190.23,866.903,0.00988579]
[3200.52,924.16,0.0204229]
[3204.19,932.817,0.00870752]
[2778.4,1853.2,-0.0109272]
[3206.02,938.179,0.00457287]
[3211.45,959.909,0.0048666]
[3225.96,959.814,-0.00731421]
[3030.74,1477.27,0.00278664]
[3019.78,1500.32,0.0197387]
[3073.09,1406.43,-0.00455713]
[3030.5,1498.05,0.000505447]
[3089.47,1387.54,-0.00340605]
[3095.1,1385.55,-0.00111961]
[2809.57,1904.46,-0.0118461]
[3118.35,1340.94,-0.00323057]
[3209.3,1116.11,0.000974894]
[3122.34,1341.28,-0.00389481]
[3131.97,1336.26,0.00437641]
[3158.47,1274.8,-0.00229168]
[3204.72,1155.35,-0.00630474]
[3145.99,1306.99,-0.0005126]
[3156.69,1284.67,-0.00243568]
[3193.39,1192.01,-0.00824261]
[3170.47,1257.28,0.00109816]
[3160.45,1285.96,-0.00294113]
[3161.05,1290.21,0.00560379]
[3183,1237.87,0.0109301]
[3170.03,1274.26,-0.00415564]
[2814.85,1942.29,-0.00285673]
[3238.64,1118.79,0.0271411]
[2824.34,1947.46,-0.00715303]
[3251.11,1113.65,-0.00641012]
[3271.87,1129.22,0.0099678]
[3054.97,1631.74,-0.00100636]
[3279.31,1129,0.014895]
[3282.29,1126.2,-0.00202847]
[2817.83,2028.49,0.101167]
[2810.25,2043.28,0.00877619]
[3295.43,1124.02,-0.00262928]
[3297.67,1134.74,0.0139947]
[3301.69,1123.9,-0.00137711]
[2809.51,2070.09,0.000594139]
[2814.65,2063.74,0.00182533]
[3073.66,1662.11,0.000189781]
[3307.13,1131.29,-0.0161734]
[2817.5,2093.78,0.00189829]
[2827.9,2112.44,0.00228119]
[2833.19,2140.72,-0.0150366]
[3359.4,1163.49,-0.0106859]
[3368.85,1164.18,0.00199032]
[3122.96,1734.97,-0.00946808]
[3125.58,1742.5,0.0120292]
[2834.56,2213.19,0.12763]
[3407.27,1183.36,0.00456333]
[2839.9,2235.13,-0.0154142]
[3150.35,1795,0.012569]
[3172.1,1807.94,-0.00976324]
[3453.3,1194.73,-0.00675964]
[3165.13,1826.24,0.00475788]
[3175.72,1831.68,-0.00135946]
[3175.1,1845.22,0.0103745]
[3179.5,1855.2,0.00152588]
[2864.58,2349.4,0.0196893]
[2858.69,2385.01,0.0468526]
[2860.38,2399.94,-0.0049448]
[2860.46,2403.48,0.00688457]
[3531.24,1220.65,-0.0158129]
[3207.14,1956.74,0.00211239]
[2864.2,2452.1,-0.00478864]
[2843.27,2487.41,-0.0142865]
[2794.88,2542.98,0.0487795]
[2799.88,2544.29,-0.025918]
[3212.58,2017.35,0.0275369]
[2801.85,2610.04,-0.00591278]
[3621.25,1251.65,-0.0103827]
[3235.76,2062.22,0.0366733]
[3630.84,1255.39,-0.0107861]
[3251.56,2063.17,0.0749757]
[3270.29,2056.64,0.0384002]
[3280.32,2050.04,0.028028]
[3654.39,1269.89,0.00628376]
[3280.95,2052.93,0.00782204]
[3287.34,2055.74,-0.0006814]
[3666.9,1280.01,0.0311136]
[3289.35,2066.08,0.0414553]
[3687.71,1277.15,-0.00671864]
[3216.07,2215.45,-0.00167251]
[3317.45,2067.46,-0.00293732]
[3314.04,2076.52,0.1418]
[3320.31,2079,0.197574]
[3326.28,2079.02,0.0300369]
[3326.4,2081.92,0.136737]
[2746.11,2824.31,-0.00689316]
[3339.73,2089.55,0.0197968]
[2799.54,2772.52,0.00540447]
[3339.02,2097.01,0.123638]
[2819.6,2762.87,0.0308974]
[2795.96,2794.67,0.0176644]
[2704.27,2887.33,0.0190692]
[2710.9,2882.21,-0.0111027]
[3215.3,2310,0.0192933]
[2711.42,2886.67,-0.0103655]
[3355.42,2106.06,0.188373]
[2714.37,2892.53,-0.00803185]
[3744.99,1323.12,-0.00492859]
[3753.44,1316.39,-0.0142803]
[3229.57,2337.02,-0.00838137]
[3228.1,2341.84,-0.00930786]
[3378.29,2122,0.0315595]
[2706.95,2932.65,0.00197744]
[3390.09,2114.2,0.0331082]
[3402.05,2096.45,0.0171404]
[3398.8,2103.63,0.0315104]
[3419.32,2071.01,0.0199633]
[3374.62,2147.35,0.159798]
[3403.5,2107.39,0.0962687]
[3389.41,2130.55,0.154488]
[3412.38,2094.04,0.0220366]
[3379.31,2149.73,0.0159016]
[3416.89,2093.57,0.160393]
[3469.83,2007.74,0.0410004]
[3379.47,2156.64,0.0189528]
[3474.76,2013.83,0.0545483]
[2706.1,2969.43,-0.000939846]
[3383.76,2174.44,0.00758314]
[3379.75,2181.09,0.0306444]
[3793.88,1344.74,0.0011816]
[3229.44,2411.47,-0.0176473]
[2701.03,3000.77,0.0194125]
[3378.15,2218.97,0.0505815]
[3826.54,1342.86,-0.00527573]
[3833.26,1343.05,0.000583649]
[2708.11,3042.33,-0.0313706]
[3393.84,2256.1,0.0174112]
[3407.23,2254.71,-0.0157461]
[3860.34,1339.74,0.00481796]
[3251.55,2475.4,-0.0232601]
[3245.05,2491.59,0.014204]
[3250.05,2491.89,0.00762844]
[3043.32,2757.23,0.0381565]
[3041.68,2765.88,0.114973]
[3047.94,2763.06,0.0033927]
[3414.51,2299.99,0.00806522]
[2728.05,3084.97,0.0316014]
[3272.16,2513.41,-0.0049696]
[2729.35,3103.37,0.0125523]
[3924.36,1311.96,0.0201359]
[2740.56,3108.12,-0.0285497]
[2733.62,3114.42,-0.0309439]
[3086.46,2770.15,-0.00210857]
[3445.55,2308.52,0.040935]
[3095.23,2777.89,0.0211182]
[2735.87,3141.95,-0.0231123]
[3960.93,1295.9,0.00259495]
[3100.33,2786.02,0.0224352]
[3104.25,2787.95,0.019227]
[3488.61,2302.77,0.0445433]
[3120.99,2782.8,-0.0149956]
[3499.64,2292.98,0.0127726]
[3116.3,2791.99,0.0102634]
[3504.41,2290.86,0.050416]
[3505.85,2304.66,0.0624003]
[2728.51,3188.95,-0.0197954]
[2730.15,3201.66,-0.0111561]
[3528.27,2296.14,0.0131435]
[3144.4,2802.02,0.01649]
[3155.37,2794.9,-0.0146141]
[2734.79,3207.95,-0.00661755]
[3538.1,2293.11,0.0207367]
[4012.6,1295.7,-0.00451088]
[3533.3,2305,0.0206184]
[3347.22,2573.92,-0.00406933]
[3556.91,2284.56,0.0336113]
[3159.61,2812.07,0.00872707]
[3344.06,2590.43,0.0289536]
[3167.49,2815.12,0.0290995]
[3578.52,2278.7,0.0696802]
[2813.83,3175.24,-0.0319805]
[3362.42,2589.94,-0.0126143]
[2816.62,3178.85,-0.00844955]
[3366.01,2590.38,-0.0186014]
[2836.44,3161.82,-0.0283675]
[3583.66,2280.42,0.0713463]
[3365.41,2593.95,-0.00452137]
[2782.42,3211.88,-0.021122]
[2793.82,3204.47,0.00126743]
[2766.68,3228.92,-0.0063076]
[2802.79,3201.08,0.0126295]
[2793.45,3209.97,-0.0139465]
[3614.7,2248.19,-0.00557232]
[3611.2,2257.79,0.00818729]
[2769.9,3236.08,0.00276184]
[3618.38,2248.92,-0.0105934]
[2785.13,3227.41,-0.00280285]
[3624.27,2244.54,-0.00992012]
[3386.83,2605.51,-0.00888252]
[4064.49,1322.49,0.0228825]
[3204.38,2829.91,-0.0139294]
[3647.44,2236.88,-0.0191898]
[2793.9,3240.8,-0.0159512]
[3209.34,2836.56,-0.00452995]
[2792.71,3256.28,0.0667572]
[3662.01,2235.95,-0.0146914]
[4084.63,1320.77,-0.00667]
[3663.01,2242.23,0.00570679]
[3218.9,2845.34,0.00995827]
[2812.01,3252.06,-0.0197306]
[4096.87,1335.89,0.00567436]
[3230.38,2860.06,0.0271378]
[3687.45,2247.03,0.0166693]
[3702.9,2230.88,0.00824356]
[3702.44,2234,0.0149469]
[4121.2,1341.49,0.0209179]
[4128.73,1338.89,-0.000898361]
[3264.42,2871.92,-0.012949]
[2849.68,3289.34,-0.0264587]
[3745.13,2221.81,0.016613]
[3748.58,2216.78,0.0194778]
[3755.66,2207.19,0.000283241]
[3265.37,2884.03,0.0208817]
[3271.19,2880.58,0.0190096]
[3757.34,2213.02,0.0199356]
[3760.33,2209.96,0.00315857]
[3760.99,2213.38,0.0263309]
[3273.39,2887.01,0.017312]
[3764.96,2208,-0.00326538]
[4153.14,1346.03,-0.00116158]
[3764.35,2214.04,0.026823]
[2861.18,3304.08,-0.0290937]
[3780.4,2210.87,0.027422]
[2875.27,3303.73,-0.000834465]
[3781.36,2214.22,0.107552]
[3309.37,2880.95,-0.00321102]
[4169.55,1370.12,-0.00794601]
[4171.24,1372.92,0.0060463]
[3801.38,2202.05,0.0279732]
[2884.21,3317.19,-0.0315094]
[3795.44,2218.76,0.0385637]
[3805.26,2212.54,0.0589123]
[3323.42,2888.83,-0.00986862]
[3818.91,2204.92,0.00648975]
[3816.68,2213.03,0.0587778]
[2903.65,3351.06,-0.0128212]
[4200.33,1420.93,0.086071]
[2897.42,3358.46,0.0201187]
[3352.38,2905.05,0.0282574]
[2897.48,3364.01,0.00888443]
[3363.35,2902.92,-0.010911]
[4213.13,1435.45,-0.0090332]
[3891.59,2213.93,-0.00755596]
[4237.51,1451.5,-0.0154228]
[3899.62,2215.47,-0.0177555]
[4242.75,1460.87,-0.00731659]
[3576.73,2713.44,-0.0132256]
[3403.56,2930.78,-0.00815582]
[4251.31,1455.9,-0.00584412]
[3582.48,2717.1,-0.00938606]
[4253.82,1459.07,-0.00514984]
[3584.12,2722.53,-0.0034132]
[3590.24,2719.77,-0.00958824]
[3588.34,2724.05,-0.00926113]
[3593.4,2721.92,-0.0113249]
[3925.82,2225.3,-0.0122671]
[3431.41,2950.91,-0.0144644]
[4031.07,2062.35,0.00675392]
[3968.32,2183.99,0.0205383]
[3986.95,2149.93,0.0162096]
[2990.7,3402.21,-0.00515079]
[3966.21,2193.73,0.0184965]
[3436.05,2956.45,-0.00992489]
[4281.23,1491.75,0.0229492]
[3987.99,2157.8,0.0164986]
[3945.38,2239.05,0.0174541]
[4034.74,2077.18,0.00849724]
[4065.82,2020,0.0187263]
[3948.39,2241,0.00976467]
[3991.48,2169.06,0.0283852]
[3965.93,2215.97,0.0157347]
[3960.49,2232.81,0.0106325]
[3969.37,2217.07,0.0355034]
[4079.11,2012.88,0.0289345]
[3636.09,2738.95,0.000910759]
[3015.5,3413.79,0.00712109]
[3641.63,2738.54,0.000436783]
[4304.26,1508.76,0.0239258]
[4054.42,2102.19,-0.00864792]
[4128.37,1964.18,0.0653763]
[3463.93,2985.54,0.00974655]
[3470.42,2986.28,-0.0137291]
[3049.61,3415.62,-0.00153637]
[4066.61,2107.72,-0.000104904]
[4147.3,1948.93,0.0873966]
[4065.07,2119.61,0.0181961]
[4339.48,1510.52,-0.0155029]
[3685.74,2753.24,0.0179348]
[3479.4,3012.04,0.0209789]
[3487.09,3007.5,0.00229549]
[4168.73,1970.8,0.104919]
[3694.03,2767.54,0.00577927]
[3073.34,3447.62,-0.000555992]
[3698.34,2770,-0.00164318]
[3681.21,2800.67,-0.00191402]
[3501.62,3026.54,-0.00226212]
[3700.08,2782.47,-0.0047636]
[3670.32,2821.93,-0.00330448]
[4197.18,1957.57,0.079689]
[3661.35,2840.94,-0.0036974]
[3657.3,2846.95,0.00413513]
[3080.95,3464.47,0.0145855]
[3621.73,2894.57,-0.0059576]
[3509.35,3030.96,0.0115995]
[3640.37,2872.93,-0.0079689]
[4373.81,1542.23,0.0670624]
[3625.3,2892.9,-0.005229]
[3597.07,2928.92,-0.00568676]
[3513.24,3029,0.0141516]
[3693.13,2808.35,0.00245476]
[3607.9,2918.11,-0.00924206]
[3730.92,2759.18,-0.0115299]
[4237.42,1893.67,0.0561104]
[3079.09,3476.4,-0.011734]
[3626.9,2906.74,0.0222368]
[3520.42,3036.01,-0.000727654]
[3616.34,2923.6,0.00960255]
[3562.31,2990.8,0.00266075]
[3610.15,2934.03,0.00588989]
[3519.35,3043,0.0138979]
[3620.36,2922.95,-0.00092411]
[4385.96,1555.36,0.118057]
[3533.68,3038.84,-0.00735474]
[3822.4,2669.92,-0.0111494]
[3078.86,3504.85,0.00335407]
[3537.38,3052.03,0.0178919]
[4160.26,2159.24,0.00178337]
[3059.35,3554.6,-0.0207176]
[3853.39,2674.91,-0.0120955]
[3860.38,2673.89,-0.0168896]
[4171.15,2160.57,0.0376034]
[3861.29,2679.92,-0.0161867]
[3790.93,2779.23,0.00292206]
[3081.63,3550.09,0.0611849]
[4433.11,1577.08,0.00665665]
[4177.31,2168.15,0.0730076]
[3869.2,2683.76,-0.0113287]
[4181.32,2167.99,0.0842171]
[4181.33,2171.1,0.0488911]
[4444.63,1591.82,0.0102425]
[4450.56,1587.18,-0.00754929]
[4200.89,2164.36,0.0443897]
[3827.24,2787.7,-0.00115585]
[3604.96,3079.27,-0.000473976]
[3898.94,2703.85,0.0189896]
[3902.76,2698.69,-0.00688362]
[3909.23,2703.47,0.00645733]
[4233.8,2166.29,0.0180855]
[4480.23,1607.25,-0.00268173]
[3852.14,2796.2,0.00755882]
[3897.26,2736.38,-0.000422478]
[3850.56,2802.81,-0.00115299]
[3855.38,2798.03,0.0208807]
[3614.9,3104,0.00204563]
[4486.44,1605.61,-0.0108948]
[3922.21,2708.46,0.0175304]
[3891.8,2753.45,-0.000355721]
[3890.7,2757.47,-0.00112438]
[3897.56,2750.95,-0.0012331]
[3876.55,2781.38,-0.00796795]
[4495.76,1608.12,-0.00424576]
[4255.23,2182,0.0637779]
[3947.4,2702.85,-0.0243206]
[3874.24,2808.4,0.00734138]
[3096.11,3652.49,-0.00571442]
[3886.12,2800.4,-0.00110626]
[4507.52,1626.42,0.0179787]
[3952.23,2714.99,0.0351639]
[3634.91,3131.02,0.00125885]
[3116.01,3659.52,0.0194407]
[4281.4,2192.97,0.0187531]
[3636.84,3152.94,0.00840569]
[4523.73,1644.69,0.0465012]
[3914.4,2807.9,-0.016634]
[3906.53,2821.45,-0.00100422]
[4529.9,1644.49,0.0803642]
[3909.36,2820.99,0.00945663]
[3982.32,2722.06,-0.00735378]
[3919.38,2814.13,-0.0101414]
[3646.75,3164.07,0.00614357]
[4293.4,2210.78,0.0149822]
[3919.94,2823.55,0.0127535]
[3164.8,3673.26,-0.00468063]
[3942.14,2847.09,-0.00527763]
[3950.72,2848.11,-0.00434208]
[4332.9,2230.16,0.116762]
[4751.56,1097.47,0.00210953]
[4750.3,1107.39,0.00738907]
[4029.57,2753.85,0.0187588]
[3667.64,3221.53,0.00742817]
[3956.32,2860,-0.0105486]
[4751.31,1135.89,0.00608063]
[3952.68,2874.48,-0.00688457]
[4759.48,1125.89,0.00190353]
[4356.83,2223.57,0.00670815]
[3670.58,3234.06,-0.0207529]
[4767.19,1137.63,0.00411224]
[3677.07,3242.29,-0.00852966]
[4768.62,1157.53,0.00759125]
[3955.39,2910.13,-0.00590992]
[3961.77,2908.3,-0.00699329]
[4765.97,1209.56,0.0138664]
[4770.06,1207.01,0.00578308]
[4061.91,2778.46,0.01472]
[3175.56,3761.48,-0.00493813]
[4768.99,1231.87,0.0207405]
[4413.63,2195.04,0.0104752]
[4081.97,2783.64,-0.011795]
[4429.33,2191.26,0.0152397]
[4081.33,2788.46,0.00911713]
[3708.49,3273.91,-0.00602913]
[3711.42,3274.95,-0.00698185]
[4087.57,2792.15,0.00784302]
[3410.46,3589.25,0]
[4449.1,2174.12,0.000465393]
[4091.57,2792.62,0.00762367]
[4093.53,2799.3,0.00651073]
[1999.47,4539.11,0.000915527]
[3718.24,3283.05,0.000190735]
[2007.5,4536.97,-0.00166702]
[4097.48,2797.54,0.00484753]
[4454.76,2184.68,0.0279503]
[2013.06,4537.08,-0.00311279]
[4467.64,2169.27,0.00727654]
[4797.78,1283.64,-0.00481796]
[2008.51,4544.92,0.002388]
[4108.38,2795.95,-0.000576973]
[4106.68,2798.88,-0.00815678]
[3733.36,3282,0.0111809]
[3754.76,3261.1,-0.00232124]
[3734.34,3285.56,0.0330887]
[3192.53,3825.76,-0.00243473]
[4113.51,2816.43,-0.0017519]
[4493.78,2162.06,0.0156841]
[4499.34,2151.61,-0.00359344]
[4685.55,1714.01,0.0163422]
[2074.73,4538.04,-0.0111122]
[4498.93,2158.49,0.0111904]
[4685.53,1719.09,0.0265999]
[4121.94,2815.72,-0.00169182]
[4688.56,1715.35,0.0104179]
[4506.49,2149.89,0.00271416]
[2065.8,4545.79,0.00367355]
[4688.52,1719.04,0.0246201]
[4509.35,2150.96,0.00502586]
[2069.91,4547.62,0.0179405]
[3567.67,3500.15,-0.0104837]
[3732.15,3326.6,0.0116434]
[4127.79,2822.37,-0.00048542]
[4697.62,1717.64,0.00305557]
[3806.11,3246.51,0.0292807]
[2099.74,4540.87,0.00862503]
[1829.01,4656.58,0.00544357]
[4132.65,2821.79,-0.00876236]
[3182.37,3863.5,0.000928879]
[3173.46,3871.09,-0.0113907]
[4137.78,2821.2,-0.00940609]
[3182.42,3866.97,-0.00153542]
[3817.82,3241.28,-0.000104904]
[1845.24,4658.5,-0.00712585]
[3828.91,3233.47,0.0294714]
[3187.22,3867.56,-0.00285244]
[3737.75,3339.59,0.0342102]
[4707.43,1721.65,-0.00292587]
[1833.94,4665.41,0.00952911]
[2124.95,4541.71,-0.00668716]
[3834.18,3231.44,0.0159006]
[3860.51,3201.05,-0.00141144]
[1839.02,4666.94,0.00177383]
[4533.74,2147.75,0.081707]
[2119.19,4548.5,0.0061264]
[3842.36,3227.82,0.0133801]
[3186.59,3877.62,-0.000689507]
[4539.97,2143.39,0.0337334]
[1844.9,4669.88,-0.000514984]
[3171.55,3893.2,-0.000761986]
[4715.94,1725.28,0.00400543]
[2280.59,4474.52,0.000659943]
[3406.69,3691,0]
[2128.11,4550.91,0.0104446]
[2301.38,4467.95,-0.00312042]
[2312.07,4462.7,-0.00572968]
[4144.13,2844.81,-0.0130568]
[2284.75,4477.65,-0.000492096]
[2264.9,4488.1,-0.000457764]
[4839.28,1363.68,0.0154648]
[2301.54,4471.45,0.00849915]
[2226.99,4509.09,-0.00732422]
[3388.79,3717.74,0]
[1851.58,4678.04,-0.000865936]
[3893.71,3186.71,0.000598907]
[3748.17,3356.98,0.0454979]
[2211.9,4519.97,-0.0028038]
[2270.04,4491.48,0.0148125]
[2318.79,4466.74,0.012867]
[4561.57,2126.48,0.00468254]
[2221.04,4516.68,0.00166321]
[2350.53,4450.92,-0.0146255]
[2193.58,4530.81,-0.0141449]
[4839.79,1388.44,0.00478745]
[3897.38,3187.98,0.00389099]
[2264.28,4497.68,0.0290794]
[2330.95,4463.66,0.00984192]
[2343.81,4457.27,0.00469208]
[2347.6,4455.46,0.0140381]
[2271.37,4495.04,0.0246353]
[3918.49,3164.07,-0.0112]
[2256.3,4504.03,0.0144653]
[2341.11,4460.83,0.0200195]
[3173.35,3914.15,0.00410366]
[2253.4,4507.02,0.0122871]
[2314.93,4475.92,0.00610352]
[3900.42,3190.99,0.00585747]
[2195.79,4536.23,-0.00130463]
[3898.26,3194.33,0.00210762]
[3972.85,3101.41,-0.017643]
[2256.38,4507.01,0.0119781]
[2371.74,4448.76,0.0148544]
[3184.68,3909.36,-0.012373]
[4733.86,1738,0.0308952]
[3180.5,3913.76,-0.0063324]
[2190.41,4542.99,0.00497818]
[2188.42,4545.99,0.00498199]
[4143.64,2878.51,-0.00323486]
[3908.36,3190.67,-0.00836182]
[2366.15,4456.3,0.00664139]
[2146.56,4566.14,-0.00523376]
[2155.3,4562.27,-0.00280762]
[2198.3,4541.8,0.00568008]
[3167.55,3927.94,-0.0035553]
[3411.26,3719.56,0]
[1860.37,4691.96,0.00215149]
[3384.4,3745.21,0]
[3498.67,3639.06,0]
[4848.32,1408.15,0.00665283]
[2151.3,4567.69,-0.000263214]
[2208.49,4540.5,-0.00482178]
[3172.44,3928.23,-0.00782585]
[2169.82,4559.72,0.00743103]
[2191.11,4549.74,0.00728989]
[3400.68,3733.2,-0.35]
[2099.81,4592.68,-0.00219345]
[3768.85,3361.22,-0.0136194]
[1860.23,4695.18,0.00211334]
[1874.29,4690.44,-0.00699234]
[2187.46,4553.01,0.00871277]
[3167.35,3934.95,-0.000627518]
[2413.42,4437.75,-0.013298]
[4588.56,2113.43,0.00650787]
[2179.55,4557.65,0.0209351]
[3177.65,3927.68,-0.0051899]
[3165.34,3937.9,-0.012023]
[2436.71,4426.83,0.000289917]
[2143.48,4576.07,0.0330734]
[3180.38,3926.95,-0.00280476]
[3968.8,3129.29,-0.00420952]
[2391.27,4452.78,0.0117264]
[2424.59,4435.04,0.00087738]
[2161.91,4569.32,0.00627518]
[3180.35,3929.98,0.00822353]
[2452.46,4421.11,0.00670624]
[1873.63,4697.14,0.00949478]
[2158.41,4573.97,-0.00395584]
[3956.37,3152.93,-0.00735855]
[1873.32,4699.96,0.00545502]
[2395.65,4456.97,0.0299034]
[2401.33,4454.2,0.00236511]
[2120.52,4594.88,-0.00875854]
[2417.74,4445.71,0.0115013]
[3493.7,3661.15,0]
[2092.54,4608.26,-0.00356674]
[2399.46,4457.04,0.0365868]
[2464.23,4421.57,-0.00279236]
[3164.49,3950.86,-0.0114546]
[1872.32,4703.97,0.0146103]
[2441.42,4436.99,0.00597382]
[3768.32,3383.84,-0.0188675]
[3767.2,3386.97,0.0354118]
[1893.37,4701.14,-0.000514984]
[3178.94,3947.66,-0.0146961]
[1887.13,4704.84,0.000400543]
[3170.27,3955.94,-0.0112495]
[2101.37,4614.67,0.0116043]
[3174.44,3954.41,-0.00942135]
[4758.25,1756.67,0.028513]
[2075.73,4629.93,-0.00255585]
[4168.33,2893.1,-0.0123491]
[2086.08,4625.74,-0.00357437]
[3986.44,3140.37,-0.0108185]
[3497.41,3677.99,0]
[4863.44,1452.3,-0.0802879]
[3406.18,3763.57,0]
[4169.2,2901.45,-0.00166988]
[2066.4,4640.34,-0.00361633]
[2085.68,4634.73,0.000289917]
[3170.65,3973.15,-0.0132942]
[2074.53,4640.87,0.00741959]
[4630.74,2098.47,0.0583782]
[2081.45,4639.02,0.00577164]
[2084.41,4638.53,0.00468826]
[2490.43,4434.95,-0.00613022]
[2044.72,4657.89,-0.00601578]
[3167.17,3980.71,-0.0164785]
[2489.77,4437.89,0.00707626]
[2081.43,4644.34,-0.00229645]
[3161.31,3991.07,-0.0112495]
[2502.47,4434.26,0.00960159]
[2498.82,4437.82,-0.00172424]
[3170.25,3987.98,-0.0148697]
[3627.4,3578.85,-0.00955582]
[2507.76,4436.12,0.104103]
[2025.34,4676.37,-0.000247955]
[3161.99,3998.27,-0.0108442]
[2016.47,4682.6,-0.00495911]
[2503.96,4441.83,0.0022049]
[2010.77,4686.19,-0.00167465]
[4875.73,1496.84,0.0287094]
[2053.38,4668.95,-0.00357056]
[3631.27,3582,-0.0232763]
[4663.92,2069.32,0.00369263]
[1933.39,4722.01,0.0141525]
[3631.35,3584.88,-0.0206928]
[1940.18,4720.47,-0.00500488]
[4883.9,1481.67,0.00577927]
[4191.1,2913.53,0.00776386]
[4194.63,2908.44,-0.0093832]
[2499.11,4450.95,0.0165024]
[2031.76,4683.69,0.00598145]
[1936.38,4724.01,4.19617e-005]
[2037.37,4681.69,0.00117874]
[2018.11,4693.21,-0.00141525]
[1925.38,4732.96,-0.000865936]
[2010.96,4697.51,0.00206757]
[2002.23,4701.27,-0.000514984]
[4784.55,1795.31,0.258266]
[1997.02,4704.57,-0.00209808]
[3167.4,4011.39,-0.0119972]
[4673.03,2075.33,0.027195]
[3164.5,4017.09,-0.0144663]
[3172.66,4011.38,-0.0138388]
[2008.87,4704.64,-0.00189209]
[1988.36,4713.7,-0.00229263]
[1983.86,4717.38,-0.00532913]
[3393.47,3830.84,0]
[4792.56,1799.32,0.206886]
[4207.17,2917.1,-0.0077219]
[1997.65,4714.25,0.00825882]
[3494.15,3743.1,0]
[1986.8,4720.54,-0.00255966]
[2001.4,4714.98,-0.0016861]
[1958.36,4734.06,0.0197639]
[1991.54,4722,0.00825119]
[4895.75,1517.42,0.0912971]
[1972.34,4731.26,-0.00471497]
[4801.21,1797.69,0.031992]
[4697.81,2055.62,0.0290833]
[1982.77,4729.75,0.00333023]
[1958.9,4740.09,0.0149345]
[1981.39,4732.97,0.000907898]
[2542.32,4457,-0.00163269]
[1988.6,4731.93,-0.00323868]
[4706.07,2050.77,0.0242634]
[3168.78,4039.29,-0.0147667]
[2535.83,4464.81,0.0229759]
[4717.76,2027.87,-0.00756264]
[4809.7,1803.27,0.00493431]
[3409.05,3845.28,0]
[4900.45,1547.07,-0.00207901]
[3171.42,4048.94,-0.00827694]
[4030.03,3198.63,-0.0197334]
[1958.38,4758.95,-0.00496292]
[3171.96,4052.38,-0.0111198]
[1968.42,4754.99,0.00468826]
[2554.21,4467.96,-0.000499725]
[1959.01,4761.97,0.00125885]
[1969.47,4758.03,0.0169296]
[3385.97,3880.06,0]
[3490.08,3788.2,0.00499916]
[1972.68,4758.14,-0.00247574]
[1972.37,4760.94,-0.00495148]
[4742.07,2027.6,0.0201664]
[4034.67,3212.66,-0.00829506]
[3650.04,3644.89,-0.0192175]
[1950.65,4775.35,0.000293732]
[4242.69,2938.11,-0.00905991]
[4236.46,2948.53,-0.00218201]
[1958.31,4777.85,0.0063858]
[4242.67,2944.29,-0.010149]
[1945.16,4783.93,0.00217438]
[1950.46,4781.86,0.00812531]
[2566.74,4481.73,0.0162735]
[3394.44,3893.11,0]
[1939.46,4788.39,-0.00198746]
[1942.38,4788.97,0.000598907]
[4919.52,1587.4,0.235416]
[3410.12,3885.07,-0.35]
[2580.33,4481.49,-0.00510216]
[4840.38,1820.17,-0.0138245]
[4844.19,1815.7,-0.00126648]
[1936.41,4799.97,-0.000320435]
[3488.93,3823.39,0]
[3406.29,3897.28,0]
[4840.37,1833.84,0.312229]
[2581.3,4488.2,0.0037632]
[4774.05,2005.41,0.0108757]
[4772.4,2011.98,0.0216446]
[1939.17,4802.49,0.00828552]
[2578.73,4491.86,0.0153046]
[3177.65,4091.8,-0.00719547]
[4783.43,1991.69,-0.0067215]
[4248.17,2968.91,-0.0174427]
[1938.52,4807.18,0.0111313]
[3173.4,4100.75,0.0330935]
[4788.09,1993.87,0.00688553]
[3171.86,4104.07,0.130197]
[2584.42,4497.23,0.0196705]
[3419.39,3900.97,0]
[4784.81,2005.7,0.0358486]
[4934.46,1607.04,0.0317688]
[4025.83,3281.62,-0.00452423]
[3183.71,4104.22,0.0110941]
[4014.4,3297.13,-0.0056839]
[4855.35,1849.43,0.16164]
[4023.43,3287.95,-0.00302887]
[4934.53,1629.83,0.0241623]
[2603.99,4497.99,-0.00247383]
[3178.59,4112.87,0.00739861]
[4802.19,1993.87,0.0222969]
[3491.07,3854.98,0]
[4860.49,1858.68,0.25568]
[3660.76,3700.39,-0.0263481]
[3186.54,4116.07,0.0144033]
[4813.03,1983.67,0.0146275]
[4247.1,3018.41,-0.00795937]
[3188.93,4121.86,0.0377111]
[2625.09,4502.34,-0.0210361]
[2615.48,4515.1,0.0196495]
[3197.52,4123.58,0.0069294]
[3188.94,4132.32,0.0318556]
[3411.87,3951.08,0]
[2616.46,4518.02,0.0153122]
[4007.08,3347.32,0.00559425]
[3483.83,3893.69,0]
[4844.11,1960.21,0.00417328]
[3192.75,4137.45,0.0219946]
[2642.45,4513.98,-0.000185013]
[3198.87,4139.2,0.0194273]
[4003.01,3368.09,0.0127544]
[4238.38,3068.93,-0.000113487]
[3196.17,4144.65,0.0324316]
[4890.39,1868.96,0.00758362]
[2645.96,4518.04,0.00962067]
[3207.07,4142.87,-0.00178719]
[2650.99,4519.64,-0.00257301]
[4238.1,3082.6,0.00720119]
[2655.73,4526.8,0.02281]
[3394.7,4004.95,0]
[4879.22,1940.74,0.00365829]
[2677.47,4519.79,-0.0305347]
[3211.13,4161.15,0.0142183]
[4888.78,1930.68,-0.00417328]
[2681.26,4522.92,-0.00955772]
[2682.45,4530.05,0.0183315]
[4975.39,1721.64,0.132935]
[4252.08,3105.87,-0.00341225]
[4919.66,1880.64,-0.00296402]
[2683.25,4532.8,-0.00512314]
[3669.86,3778.77,-0.00696564]
[4254.37,3113.5,0.01334]
[3218.47,4177.71,0.0250912]
[2712.95,4526.61,-0.0190563]
[2703.61,4532.9,0.0139408]
[3217.66,4184.55,0.0134182]
[4911.41,1935.12,0.0368729]
[2706.45,4533.02,0.0137882]
[2713.45,4529.96,-0.00406265]
[3398.3,4044.24,0]
[2732.91,4521.68,-0.0200138]
[3415.71,4031.44,0]
[3398.39,4046.97,0]
[3220.66,4189.87,0.00999451]
[4920.64,1931.64,0.0251656]
[3222.16,4193.59,-0.0253391]
[4935.6,1904.78,0.0146103]
[4926.87,1928.11,0.029583]
[2731.81,4533.97,0.0137749]
[2736.02,4532.15,0.00290489]
[3231.82,4193.68,0.00776768]
[4936.79,1925.89,0.0235634]
[3657.87,3835.44,0.0713062]
[2738.25,4539.12,-0.016531]
[2757.93,4528.54,-0.00731277]
[4996.51,1780.57,0.00192261]
[4296.13,3113.57,-0.00246429]
[5001.34,1772.45,-0.00371552]
[3233.8,4208.44,0.00264454]
[3234.27,4212.46,-0.00986767]
[3680.28,3833.51,0.0588188]
[3687.18,3826.91,0.0262394]
[4962.73,1903.66,-0.00902939]
[3679.2,3836.99,0.0417309]
[3691.04,3825.66,0.0272808]
[3697.32,3825.45,0.0201778]
[3232.46,4227.07,-0.0115185]
[4010.24,3504.84,-0.00603104]
[3399.28,4100.72,0]
[2802.42,4536.05,0.0237255]
[3715.37,3826.51,-0.00289917]
[4291.69,3170.52,-0.00602913]
[3234.53,4250.19,-0.00280476]
[3417.48,4105.1,0]
[4289.44,3183.48,0.000627518]
[4011.97,3527.05,0.0114937]
[5015.72,1847.26,0.0159988]
[5014.71,1857.22,0.011631]
[5021.72,1841.66,0.00193024]
[3446.51,4090.68,0]
[4294.07,3192.96,-0.00112343]
[3537.31,4020.44,0]
[2833.8,4544.88,-0.012476]
[4298.4,3196.25,-0.00667381]
[3239.51,4266.99,-0.00278282]
[2837.41,4546.92,-0.0144138]
[3798.1,3785.14,0.0057106]
[3904.4,3677.51,-0.0209007]
[5032.43,1855.56,3.8147e-006]
[4296.93,3211.1,-0.00128365]
[3762.51,3823.92,-0.00984001]
[3869.07,3717.8,-0.0102463]
[2841.43,4551.99,-0.0069828]
[2837.26,4557.78,0.0283337]
[4301.44,3214.43,-0.00162697]
[2851.43,4551.24,-0.024662]
[3874.19,3724.47,-0.00178909]
[2850.23,4556.35,0.0101738]
[2860.42,4550.83,-0.026968]
[3784.83,3816.85,0.0292397]
[3765.6,3838.43,0.0740814]
[2863.42,4551.84,-0.0266037]
[3848.34,3758.35,0.0501404]
[3780.7,3829.34,0.235987]
[3746.58,3864.12,0.0666466]
[3977.39,3629.68,-0.00326538]
[3937.85,3672.56,0.0209274]
[2870.86,4556.37,-0.00773048]
[3779.9,3836.01,0.120632]
[2878.42,4553.9,-0.0182323]
[3246.09,4307.93,0.000602722]
[2872.26,4566.6,0.0034256]
[3492.92,4112.61,0]
[2885.13,4559.73,-0.00831032]
[3976.92,3651.18,0.0110378]
[3246.32,4319.16,-0.0060854]
[3241.29,4323.74,-0.00212002]
[4297.94,3278.24,-0.00142097]
[3241.88,4332.49,0.00117874]
[4291.32,3301.95,0.00736809]
[4016.5,3633.66,0]
[2911.67,4567.11,-0.00434494]
[4299.3,3299.24,-0.00141907]
[3240.31,4343.96,0.0140972]
[2887.92,4595.27,-0.018322]
[2916.55,4578.45,-0.000591278]
[3254.42,4345.84,0.00554085]
[2886.53,4600.16,-0.0125599]
[2894.34,4595.64,-0.0121231]
[3530.45,4127.5,0]
[2872.44,4609.93,-0.0102711]
[2908.82,4588.59,-0.0040226]
[3394.19,4244.15,0]
[2863.06,4619.42,-0.0128098]
[2854.49,4626.66,-0.00507545]
[2883.53,4610.09,0.0168324]
[3497.51,4164.59,0]
[2850.36,4632.25,-0.00465012]
[2853.46,4630.96,0.00229073]
[2881.98,4615.98,-0.00391769]
[2875.61,4620.32,0.000299454]
[2966.21,4564.53,0.00909805]
[2837.42,4646.87,0.00489616]
[3607.6,4079.46,0.0428371]
[2854.38,4637.95,-0.00699806]
[4298.63,3348.55,0.00428391]
[2814.41,4666.91,-0.0142822]
[2840.88,4652.16,-0.0116482]
[3400.82,4260.35,-0.35]
[2983.46,4562.55,-0.0077343]
[2813.67,4669.64,-0.00857925]
[2832.3,4663.05,0.000738144]
[4309.47,3346.34,-0.00734901]
[2814.8,4679.5,-0.00731087]
[2988.11,4572.35,0.0233345]
[3779.35,3945.14,0.0338669]
[3005.43,4562.92,-0.0148602]
[3004.41,4565.95,-0.00684738]
[2812.36,4688.23,-0.0142803]
[3391.15,4288.46,0]
[2819.91,4685.2,-0.019249]
[2809.02,4694.57,0.00266075]
[3012.5,4567.82,-0.0117569]
[4309.31,3372.69,0.00665474]
[2799.74,4702.61,-0.0122871]
[2814.97,4694.92,0.00768661]
[3012.42,4570.96,-0.00382805]
[2818.47,4693.99,0.000141144]
[3270.47,4392.02,0.0135012]
[3659.05,4075.09,0.0310993]
[4105.82,3628.9,0.00298309]
[2828.31,4693.38,-0.00715446]
[2809.45,4704.95,-0.00729179]
[4111.96,3626.77,0.0163155]
[2783.05,4725.94,-0.00977516]
[2778.11,4731.45,-0.0142174]
[2793.07,4726.86,-0.00406075]
[2836.83,4701.1,0.00310326]
[3534.27,4202.22,0.0139961]
[4179.28,3561.82,0.0291901]
[2784.17,4733.18,-0.00704956]
[4131.07,3621.74,0.0280361]
[4069.42,3692.04,0.021389]
[2830.42,4709.88,-0.00144196]
[2840.48,4707.35,0.0242672]
[3270.66,4420.19,0.00527859]
[3276.95,4416.32,-0.00720787]
[2788.77,4741.93,-0.00838661]
[3047.26,4581.57,-0.00371361]
[3275.74,4429.5,0.0127554]
[3390.69,4342.17,0]
[4327.32,3413.02,0.0118675]
[3486.85,4272.16,0]
[3062.82,4589.37,0.0115604]
[4287.37,3473.35,0.00953484]
[2858.42,4723,0.00850296]
[3724.68,4075.73,0.00401688]
[4258.48,3517.97,0.00256538]
[2869.44,4721.06,0.0290794]
[3289.49,4440.78,0.0106392]
[2886.62,4713.49,-0.0173893]
[2871.43,4724.05,0.0204048]
[4338.69,3426.96,0.00691605]
[3024.66,4630.84,-0.00174332]
[3032.5,4628.73,-0.00403976]
[4099.57,3718.75,0.0202293]
[4351.04,3423.33,0.00186157]
[3305.22,4442.85,-0.00487518]
[3298.25,4450.78,0.0001297]
[3291.38,4456,0.0100403]
[3023.92,4642.52,0.00106812]
[2908.51,4716.22,-0.00293159]
[3304.97,4447.5,-0.00252628]
[3536.57,4270.14,0.00131798]
[3094.69,4603.06,0.00559235]
[2936.75,4707.68,-0.00833511]
[3535.81,4276.26,0.00200653]
[3024.88,4655.81,0.00390434]
[3304.01,4463.38,0.0108671]
[3099.85,4608.47,0.0128193]
[3773.38,4078.05,0.0282593]
[2949.29,4711.2,-0.0129623]
[3117.51,4603.01,-0.0297565]
[3318.3,4460.91,-0.00925922]
[3019.39,4668.57,0.0056572]
[3315.3,4471.79,-0.00650692]
[2980.17,4703.13,0.000602722]
[3003.36,4689.38,-0.00814247]
[3008.65,4687.95,-0.0071888]
[3001.42,4692.97,-0.00153542]
[3123.67,4615.53,-0.000270844]
[3851.17,4028.54,-0.00200653]
[2988.81,4704.54,-0.0267544]
[3308.31,4488.01,0.0174189]
[3011.44,4697.05,0.0352058]
[3022.93,4690.19,-0.00141907]
[3015.05,4695.61,-0.00382423]
[3011.44,4700.5,0.0271568]
[3016.43,4699.05,0.024353]
[3324.79,4487.26,-0.0147705]
[3137.61,4621.86,0.00206757]
[3016.39,4702,0.00976944]
[3132.31,4627.86,0.015976]
[3138.67,4626.31,0.00537109]
[3846.49,4059.82,-0.00022316]
[3020.7,4709.24,0.00186539]
[3028.02,4706.12,0.00516891]
[3020.4,4711.98,0.00279999]
[3020.41,4714.85,0.00286293]
[3838.38,4078.05,0.0245361]
[3030.12,4712.33,0.00330544]
[3156.37,4630.56,-0.008358]
[4447.98,3411.41,-0.0132122]
[3936.43,3997.23,0.0172863]
[3327.98,4516.47,-0.00357723]
[3327.19,4521.22,0.0245352]
[3164.11,4641.49,-0.00178528]
[4469.22,3405.77,0.00824165]
[3571.68,4341.67,0.0285301]
[4004.39,3950.92,-0.0127258]
[4483.01,3401.79,0.0204983]
[3177.5,4645.5,-0.0103893]
[3167.25,4653.53,0.0205402]
[3344.57,4528.89,-0.00913811]
[4142.21,3816.84,0.0546741]
[3020.25,4756.28,0.00124168]
[3025.09,4756.15,0.00524521]
[4536.02,3346.71,-0.0101652]
[4398.74,3530.43,0.01614]
[3882.09,4094.53,0.0290089]
[3027.32,4762.9,0.00359726]
[3177.54,4664.34,0.0166607]
[3966.32,4015.96,0.006073]
[3341.89,4549.35,-0.000121117]
[3184.3,4664.16,0.0118713]
[3348.2,4552.58,-0.0123615]
[3023.83,4775.04,0.00307465]
[3343.98,4557.63,0.000752449]
[4056.32,3939.88,-0.00955582]
[3353.13,4553.53,-0.0197773]
[2759.74,4936.47,-0.0124474]
[3198.1,4667.95,0.00248337]
[3025.47,4781.98,0.00333786]
[3931.83,4071.06,0.00118065]
[3023.69,4784.69,0.00456238]
[4408.36,3550.8,0.00143814]
[3356.41,4560.94,-0.00891685]
[3213.74,4662.65,-0.0246639]
[4101.3,3905.91,-0.00268745]
[3027.49,4787.99,0.0056572]
[3359.79,4561.14,-0.0120468]
[3355.45,4564.62,0.00760174]
[3200.41,4675.04,0.0235806]
[3209.72,4668.67,0.00996399]
[4110.54,3899.45,0.00645828]
[2758.79,4949.08,-0.0102692]
[3031.09,4787.64,-0.00295448]
[3027,4792.41,0.0020256]
[4138.93,3877.75,0.00898743]
[3026.67,4797.6,-0.00188637]
[3220.73,4670.3,0.00206757]
[3362.18,4569.56,0.00930595]
[5094.13,2498.91,0.00231552]
[3224.42,4669.97,-0.00141716]
[2769.28,4955.72,0.00556946]
[3241.42,4660.81,-0.0287437]
[3224.42,4672.98,0.00331116]
[3239.4,4663.81,-0.0282135]
[3974.77,4055.48,-0.00166893]
[3243.4,4663.8,-0.0293121]
[3369.69,4573.53,0.0106449]
[3227.7,4674.96,-0.00601578]
[3247.23,4661.93,-0.0259476]
[5087.65,2530.01,0.00485611]
[3011.87,4818.52,-0.00941658]
[4163.15,3868.32,0.00570869]
[4411.94,3582.5,-0.00372887]
[3228.9,4678.49,-0.0184269]
[3241.65,4670.39,-0.0064888]
[3028.4,4811.53,0.000238419]
[3944.93,4096.27,0.0187855]
[3020.38,4818.82,-0.00503349]
[3368.35,4582.97,0.0029211]
[3377.07,4576.77,0.00410652]
[3372.33,4581,0.0147142]
[5058.34,2606.92,0.00375366]
[5037.32,2649.95,0.0107822]
[3008.68,4831.85,-0.0101795]
[2764.62,4976.15,-0.00880051]
[3007.43,4834.94,-0.00926018]
[2762.12,4981.69,-0.0125504]
[4178.17,3872.6,0.0173874]
[3849.44,4201.86,-0.000224113]
[5029.42,2683.59,0.0104485]
[3258.82,4677.47,-0.0260887]
[2996.28,4850.25,0.00577164]
[3965.36,4096.82,-0.0249939]
[4904.06,2908.69,-0.00414085]
[3386.5,4587.49,0.00851345]
[3292.45,4656.17,-0.0196533]
[4898.15,2920.54,0.132029]
[3989.78,4077.49,0.000911713]
[4915.08,2897.49,0.00819397]
[3398.02,4587.53,-0.0182276]
[3301.41,4658.69,-0.0131397]
[4933.91,2874.51,0.00169754]
[2760.12,4999.12,-0.0158386]
[2989.15,4865.72,-0.00478363]
[3877.03,4192.76,0]
[3635.64,4404.82,0.0366831]
[3004.02,4858.68,-0.00498962]
[4972.79,2811.92,0.0168324]
[4983.66,2792.66,0.0416222]
[4418.89,3622.72,-0.0012188]
[3316.01,4654.07,-0.0182266]
[3396.44,4596.11,0.000760078]
[2756.2,5006.56,-0.000602722]
[3855.04,4219.6,0.00331116]
[4909.8,2925.99,0.020031]
[4987.41,2792.05,0.0281334]
[3405.43,4590.87,-0.0182753]
[4959.76,2842.19,0.0167542]
[4223.22,3852.64,0.00868607]
[3897.02,4185.8,0.0155735]
[3757.55,4311.91,0.0196505]
[3330.49,4650.33,-0.0153332]
[3395.38,4604.77,-0.013772]
[3001.2,4871.33,-0.0120659]
[2995.01,4875.84,-0.0148182]
[3312.04,4667.69,0.0184021]
[2767.91,5009.94,0.0128746]
[3922.25,4168.98,0.00388908]
[3328.89,4656.76,0.0021801]
[3644.66,4414.78,0.0111389]
[2751.65,5021.05,0.0126305]
[4905.63,2953.26,-0.0117016]
[3407.36,4601.9,-0.0125837]
[3768.66,4312.85,0.0108948]
[3406.18,4604.5,0.0024786]
[2765.86,5016.52,0.00549698]
[4194.29,3902.99,0.0189991]
[3376.39,4629.88,-0.0182524]
[3406.37,4610.82,-0.0130749]
[3368.76,4638.78,-0.00612068]
[4147.28,3958.36,0.0325584]
[2775.98,5016.38,0.0266418]
[4157.88,3948.51,0.00372314]
[2983.33,4897.44,0.00148964]
[3348.45,4656.97,-0.00056076]
[4896.73,2990.25,0.083952]
[4204.79,3903.76,-0.0130577]
[3398.25,4623.66,-0.009408]
[3404.85,4618.81,-0.0222778]
[4038.57,4078.74,-0.00632858]
[3388.84,4632.9,0.00395489]
[3409.16,4618.86,-0.00921726]
[3398.48,4626.97,-0.0010643]
[3401.45,4624.97,-0.00173187]
[2991.52,4900.28,-0.0125237]
[2781.42,5023.04,0.0346947]
[2996.3,4897.98,0.0147724]
[2797.37,5014.9,-0.0237274]
[2785.27,5022.89,0.0357857]
[3429.25,4607.78,-0.00719166]
[4419.92,3669.3,-0.00462914]
[3444.6,4597.79,-0.0124731]
[3391.85,4636.86,-0.00366116]
[3432.43,4606.95,-0.00719261]
[3427.47,4610.98,0.00333786]
[3402.3,4629.72,0.0254335]
[3389.47,4639.96,-0.0036602]
[2796.94,5019.85,-0.0108452]
[2989.94,4907.75,-0.0112534]
[3416.43,4621.94,-0.00926018]
[2744.44,5049.98,0.00305176]
[3651.5,4439.94,0.0153093]
[4909.43,2991.94,-0.00169945]
[3419.41,4621.92,-0.0133905]
[2797.48,5022.99,-0.00556183]
[4415.09,3683.11,-0.00543594]
[2743.47,5053.94,-0.00900269]
[3422.99,4620.95,-0.0142155]
[2788.35,5030.14,-0.00407791]
[2746.54,5053.4,-0.00875854]
[2798.43,5026.03,0.0135956]
[2804.82,5023.29,-0.00265503]
[2798.35,5029.03,0.0247841]
[3988.45,4149.01,0.00963783]
[2734.07,5065.85,-0.0071907]
[4210.33,3925.95,0.00419998]
[4231.43,3906.07,0.0341816]
[2740.13,5065.45,-0.0040741]
[4917.29,2999.38,-0.0277634]
[3461.39,4604.95,-0.00476265]
[3806.35,4329.96,0.00691319]
[2809.36,5035,0.013382]
[2739.41,5073.98,0.00144577]
[3431.73,4634,-0.0220966]
[4077.36,4077.88,-0.0176544]
[3806.06,4333.4,0.000930786]
[2993.37,4931,-0.0174274]
[3428.54,4639.25,-0.0159092]
[2996.41,4930.9,-0.0168362]
[3775.23,4364.77,0.005867]
[2811.32,5040.98,0.0307198]
[3794.67,4351.3,0.0153732]
[2996.55,4935.97,-0.0132961]
[2820.96,5038.63,-0.00403595]
[3517.44,4580.03,0.0175915]
[2733.68,5087.18,-0.017231]
[3669.33,4459.95,0.00261784]
[3427.34,4648.96,-0.00134659]
[2824.45,5038.97,-0.000556946]
[3517.27,4583,0.011507]
[3769.59,4377.99,0.00850105]
[3528.51,4575.38,0.00356197]
[2817.37,5044.99,0.00868225]
[4922.31,3026.91,-0.00632286]
[3516.46,4585.99,0.0045023]
[3001,4939.85,-0.0326157]
[4223.33,3946.98,0.00839424]
[3430.31,4652.91,-0.00546169]
[3426.32,4655.91,-0.0060997]
[2726.31,5097.83,-0.000835419]
[2831.03,5040.7,-0.00697708]
[3548.3,4564.43,-0.00347614]
[3438.15,4648.48,-0.0199862]
[2709.97,5107.41,0.00437164]
[3747,4403.66,0.00698376]
[3676.28,4462.89,-0.00255966]
[3433.59,4652.38,-0.013567]
[2729.4,5098.01,0.010643]
[2732.46,5098.12,0.0522804]
[3548.41,4567.96,-0.00248814]
[3562.6,4559.3,-0.00773525]
[3955.34,4226.1,-0.00523186]
[2708.37,5115.94,-0.0055809]
[4422.95,3735.29,-0.000234604]
[4064.44,4122.98,0.000600815]
[3733.62,4426.45,-0.003335]
[3558.15,4570.82,0.0258961]
[2707.37,5121.92,-0.00894165]
[4920.14,3059.86,0.0332527]
[3988.38,4203.56,-0.000421524]
[2750.54,5100.26,-0.00633621]
[3445.89,4659.32,-0.0285788]
[2838.78,5053.67,-0.00341034]
[4918.81,3066.56,0.0527782]
[3612.01,4535.62,-0.0115137]
[3001.32,4961.64,-0.0120106]
[4239.2,3957.36,-0.0105877]
[3691.87,4472.32,-0.0112572]
[4184.45,4016.07,0.0211544]
[3620.26,4531.43,-0.00983334]
[2994.3,4968.83,-0.00426483]
[3720.84,4451.95,0.00513363]
[3592.22,4556.91,0.0167475]
[2838.36,5061.07,0.0379753]
[2698.35,5137.89,-0.00301743]
[2704.25,5135.01,-0.00169754]
[2746.4,5112.98,0.00164413]
[3692.04,4478.23,-0.00218868]
[2971.45,4985.65,-0.0128098]
[3613.84,4542.06,-0.000514984]
[2755.68,5108.76,0.00833511]
[3585.2,4565.43,-0.00391865]
[2844.47,5061.06,0.0030899]
[3666.24,4501.57,0.00961494]
[2839.33,5064.04,0.0280533]
[2707.47,5136.01,0.00984573]
[2982.07,4981.59,-0.00986099]
[3721.67,4458.7,0.00800419]
[2761.25,5109.48,-0.00765228]
[4243.31,3965.6,-0.00735855]
[2705.58,5139.73,0.00416183]
[3619.04,4543.28,0.0189981]
[2972.44,4990.74,-0.0133038]
[2687.51,5149.91,-0.0125694]
[3697.51,4480.48,0.00157833]
[2706.46,5143,0.00701141]
[2687.51,5153.07,-0.0348625]
[4233.38,3983.04,0.031477]
[4873.04,3168.62,0.00716972]
[2936.3,5016.94,-0.0113697]
[2946.5,5011.08,-0.0133018]
[2753.47,5120.09,0.0317307]
[3658.09,4518.77,0.0287619]
[3692.33,4490.98,0.0108604]
[2928.8,5022.9,-0.0156307]
[2766.27,5114.52,-0.0131874]
[3997.84,4223.78,0.00147057]
[3631.68,4542.99,0.00457859]
[2756.33,5121.96,0.00315475]
[3693.64,4494.3,0.0228148]
[2770.49,5115.92,-0.0112228]
[2906.26,5040.44,-0.0174427]
[3666.36,4518.03,0.0229788]
[2951.37,5015.27,0.00292587]
[3698.66,4493.18,0.0227022]
[2859.44,5069.72,-0.00294495]
[4068.37,4163.01,0.0144157]
[2929.86,5029.96,-0.00136757]
[2765.08,5122.41,0.0139351]
[2964.25,5010.34,0.0109158]
[2917.59,5038.53,-0.0026226]
[4421.64,3789.06,0.00372314]
[2967.43,5010.95,-0.00726509]
[3458.98,4685.22,-0.0155506]
[2772.7,5121.54,-0.00106049]
[2776.41,5119.97,0.00465775]
[2965.43,5013.92,-0.0122833]
[2938.47,5030.92,-0.0119381]
[2902.28,5051.9,-0.00275612]
[4250.87,3984.71,0.0026722]
[2855.32,5079.02,0.0221558]
[2918.3,5043.29,-0.00374985]
[2934.69,5033.96,9.53674e-005]
[2858.37,5078.99,0.00738907]
[2773.86,5126.13,0.00976181]
[2910.5,5049.97,-0.0116234]
[2931.44,5037.88,0.00647354]
[2767.99,5131.35,0.0291862]
[2683.25,5176.54,0.00125885]
[2696.92,5169.45,0.0346603]
[2909.65,5052.77,0.00570679]
[2771.41,5130.08,0.0366631]
[2863.92,5079.01,0.00306702]
[2875.43,5073.93,-0.0112553]
[2879.68,5072.04,-0.0128689]
[2774.34,5131,0.0144005]
[2909.43,5055.96,-0.00278091]
[2891.57,5066.27,-0.00275993]
[2864.43,5081.96,-0.00278473]
[2869.21,5079.48,-0.0183887]
[2905.76,5058.67,-0.00493813]
[2895.6,5065.15,0.00486183]
[4061.18,4189.38,-0.000606537]
[2772.73,5134.48,0.0143967]
[2890.02,5069.5,-0.000415802]
[2873.61,5080.02,-0.00618744]
[2677.43,5187.46,-0.00162888]
[4221.36,4036.06,0.0144844]
[3867.89,4376.53,0.00634766]
[2871.8,5088.69,0.00615311]
[3812.46,4428.02,0.0104437]
[2886.46,5081.95,0.0217495]
[2841.39,5108.9,-0.0150719]
[4064.44,4201.95,-0.00517845]
[3816.21,4428.92,0.0021143]
[3870.63,4382.01,0.0229731]
[4177.11,4090.97,0.00495148]
[2859.43,5100.14,-0.00255585]
[2841.27,5111.76,-0.007267]
[2795.49,5136.98,-0.0087204]
[3737.64,4499.14,0.0274334]
[2798.47,5136.94,-0.00900269]
[2785.36,5145.01,0.0134392]
[2840.43,5114.94,-0.00933456]
[4929.18,3152.34,0.0149536]
[3805.88,4444.9,-0.00326157]
[2857.56,5106.59,0.00184631]
[4844.3,3283.32,0.00338554]
[2836.12,5121.45,-0.000198364]
[2831.09,5124.94,-0.00804138]
[4318.31,3954.01,0.0184898]
[2822.43,5129.95,-0.00992966]
[2794.41,5146.07,0.0183296]
[2856.37,5112.09,-0.000587463]
[2821.11,5132.65,-0.0107498]
[2839.48,5122.98,0.00396347]
[2826.28,5130.84,-0.00626373]
[3764.17,4489.62,0.0127478]
[4064.76,4222.06,0.0106335]
[4298.66,3983.79,-0.00662041]
[4310.38,3975.94,-0.0060215]
[2823.45,5139.97,-0.00177765]
[2821.06,5142.6,-0.00294113]
[2810.37,5148.48,-0.000572205]
[2806.57,5151.51,-0.000354767]
[3486.18,4719.57,-0.0241299]
[2821.5,5146.01,0.0114326]
[4857.41,3296.07,0.0292807]
[2808.08,5156.99,-0.00222015]
[4423.42,3863.96,-0.00267982]
[4158.34,4148.88,-0.0151119]
[4183.69,4123.42,0.00759506]
[4329.04,3971.67,0.007967]
[3480.06,4733.81,-0.0154896]
[2794.9,5168.82,-0.00481796]
[4856.83,3308.44,0.00300694]
[4065.41,4243.95,-0.00668716]
[2798.87,5169.95,0.0179596]
[2803.14,5167.79,0.00914383]
[4349.15,3959.35,0.0102654]
[3980.25,4330.9,-0.00763893]
[2798.61,5176.09,-0.00163269]
[2775.71,5188.86,-0.00452423]
[2787.23,5185.04,0.00380325]
[3491.7,4740.19,-0.0167351]
[2764.42,5198.96,-0.0037117]
[4055.93,4269.23,0.0031414]
[4448.52,3860.64,0.016489]
[2785.95,5190.36,-0.00427628]
[4388.36,3930.95,-0.00350189]
[2770.5,5199.65,-0.00561523]
[2773.42,5198.95,-0.00603104]
[2756.45,5219.39,-0.00406647]
[2747.73,5224.86,-0.00268936]
[3474.16,4773.56,-0.00438881]
[3486.41,4764.92,-0.0135708]
[4802.14,3440.41,0.0197144]
[2756.04,5225.06,0.0148582]
[3489.75,4767.98,0.000995636]
[4029.88,4321.15,0.00166321]
[2739.38,5235.87,-0.00544357]
[4289.41,4064.76,0.00651932]
[3480.67,4778.24,0.00316238]
[4810.1,3441.9,-0.000926018]
[3480.48,4790.58,-0.0117359]
[2711.84,5265.8,-0.0114098]
[3469.37,4800.75,-0.0146084]
[4809.65,3459.88,-0.000354767]
[4181.63,4201.14,0.00271225]
[2718.06,5267.72,-0.00398636]
[4293.94,4095.12,0.00211143]
[3463.01,4837.47,-0.0105972]
[4296.76,4116.87,-0.00056076]
[4124.99,4295.57,-0.00736618]
[3457.26,4851.06,-0.0112267]
[3462.22,4856.64,-0.0157452]
[4298.23,4136.49,0.00323296]
[3463,4866.25,-0.0148716]
[4147.6,4299.22,-0.001894]
[4821.1,3528,-0.00129032]
[4229.54,4219.85,-0.00556374]
[4359.43,4089.71,0.00117874]
[3463.17,4872.14,-0.0159721]
[4504.32,3931.77,-0.0125027]
[4235.06,4226.13,0.000234604]
[4157.85,4303.95,0.023241]
[4295.97,4168.09,0.0075798]
[3460.64,4884.02,-0.0155315]
[3461.42,4886.92,-0.0172062]
[4468.61,3987.47,0.0162792]
[4349.47,4117.68,-0.000867844]
[4300.43,4170.99,0.0044117]
[4298.92,4173.81,0.00185966]
[3463.75,4890.44,-0.0161037]
[3458.07,4894.69,-0.00714874]
[4230.96,4251.58,0.0254173]
[3467.27,4895.08,-0.0197315]
[3457.37,4902.73,-0.00740623]
[3461.02,4908.16,-0.00243759]
[4392.4,4097.06,0.0285358]
[3795.96,4657.04,0.112988]
[4231.3,4266.98,0.0154572]
[3808.64,4648.32,0.0565491]
[3786.23,4669.34,0.12454]
[3772.24,4682.37,0.126993]
[4344.2,4158.62,-0.000513077]
[4345.38,4167.99,0.00639915]
[3839.36,4643.97,0.00365639]
[3841.38,4646.98,0.00594711]
[3845.32,4645.55,0.0058403]
[3484.18,4922.27,-0.0229797]
[3855.55,4637.14,-0.00513649]
[4532.03,3980.1,0.00248146]
[4229.76,4300.66,0.0375824]
[4069.09,4457.22,-0.0286312]
[3475.85,4935.02,-0.0128365]
[3877.74,4631.43,0.0151482]
[3873.41,4635.48,0.00945663]
[4248.31,4295.53,-0.00556755]
[4328.36,4214.92,-0.00996399]
[4414.91,4124.6,-0.00445557]
[3876.22,4634.93,0.0197887]
[3488.66,4934.76,-0.0127182]
[4862.54,3591.06,0.0233831]
[3879.68,4640.71,0.0472221]
[4335.71,4219.77,-0.00200462]
[4077.96,4469.53,-0.0321579]
[3891.73,4632.6,0.0358963]
[4846.63,3623,-1.90735e-005]
[4461.56,4088.1,0.0183182]
[4484.96,4066.93,0.00639725]
[3909.7,4622.99,0.022583]
[3914.22,4621.78,0.0198708]
[4600.7,3939.81,0.00485802]
[4336.38,4229,0.0106411]
[4748.98,3760.84,-0.00494957]
[3191.23,5150.31,0.00559235]
[3199.14,5145.45,0.00516891]
[4609.1,3933.69,0.00666046]
[4845.61,3638.45,-0.00490093]
[3239.36,5123.24,-0.0170174]
[3910.97,4631.89,0.0566902]
[3215.9,5139.42,-0.00452423]
[4527.4,4033.96,-0.00167465]
[3226.51,5134.34,0.00146866]
[3182.73,5162.24,0.00177765]
[3673.15,4826.6,-0.0227013]
[3646.61,4846.98,-0.0113735]
[3943.53,4608.87,0.00488663]
[3912.05,4635.79,0.0300484]
[4353.39,4224.98,0.00457573]
[3186.27,5162.86,-0.00625992]
[4292.71,4287.6,-0.00231743]
[3625.27,4865.4,-0.0133018]
[3931.16,4623.08,0.0308037]
[3508.39,4951.81,-0.0324612]
[3236.51,5134.35,0.0199413]
[3302.24,5093.01,-0.0093441]
[3368.33,5049.88,-0.0135193]
[4356.37,4227.95,0.00271034]
[3241.17,5133.31,0.0229797]
[3652.01,4849.75,0.0110569]
[4677.15,3870.81,0.0043335]
[3293.33,5101.48,-0.00597382]
[3537.22,4935.53,-0.0209904]
[3255.9,5125.56,0.0198097]
[3635.47,4865.26,0.0194473]
[3597.64,4893.69,-0.00178528]
[3675.45,4835.77,-0.00275612]
[3322.65,5084.89,-0.0103416]
[4072.73,4507.72,-0.02985]
[3952.43,4613.82,0.00740051]
[4597.51,3971.45,0.00469017]
[4066.63,4513.97,-0.0315056]
[3291.08,5107.46,0.0120201]
[3260.76,5126.94,-0.00583458]
[3273.04,5120.35,0.00609398]
[3547.55,4934.37,-0.0104294]
[3626.47,4876.94,-0.00913048]
[3541.23,4939.29,-0.00729752]
[3366.83,5061.23,0.00535583]
[3350.45,5072.55,0.00164223]
[3359.53,5067.1,0.00691795]
[4724.07,3827.84,-0.00712967]
[3663.34,4852.88,-0.00482178]
[3353.43,5072.02,0.0137672]
[3346.11,5077.06,0.00665855]
[3337.38,5082.97,0.0120792]
[3327.96,5089.24,0.0162678]
[3493.42,4977.93,-0.0100632]
[3340.87,5081.97,0.0162735]
[3308.71,5103.66,0.0110779]
[3371.2,5062.62,-0.0150814]
[4056.44,4532.4,-0.00855255]
[3328.41,5092.02,0.0159531]
[3492.98,4980.62,0.0212078]
[4069.42,4522.78,-0.0243073]
[4235.98,4367.32,0.00406075]
[3503.08,4974.69,0.012804]
[3407.38,5040.74,-0.0311565]
[3507.5,4972.28,0.00850487]
[3331.41,5092.02,0.0159531]
[3360.47,5073.03,0.017189]
[3457.46,5007.99,0.00449944]
[3357.41,5075.69,0.0166607]
[4064.72,4530.09,-0.00977325]
[3341.04,5087.37,-0.000307083]
[3484.34,4990.79,0.00878334]
[3330.33,5094.94,-0.00115395]
[3316.22,5104.78,-0.00248718]
[3458.08,5010.7,-0.0204144]
[4058.75,4539.14,0.00691223]
[3472.35,5002.22,-0.00209618]
[3491.7,4991.07,-0.0228825]
[4056.45,4545.21,0.00600815]
[3466.41,5010.16,-0.0293674]
[3524,4970.83,-0.0196819]
[4032.36,4570,0.0111885]
[3464.37,5014.85,-0.0213146]
[4001.72,4597.82,0.0714951]
[3519.85,4977.97,0.00186348]
[4036.24,4572.93,0.0293388]
[4032.4,4578.06,0.0285339]
[3997.48,4609.4,0.00025177]
[4035.88,4577.96,0.0465012]
[4028.59,4586.02,0.00963593]
[4047.4,4570.86,0.282841]
[4035.6,4582.83,0.00959015]
[4008.23,4606.79,0.031601]
[4044.62,4575.11,0.0665894]
[3999.94,4615.38,-0.000457764]
[4042.44,4578.21,0.0601768]
[4025.96,4593.69,0.0229797]
[4334.38,4306.02,0.0201607]
[3532.57,4985.92,-0.0127468]
[4050.15,4577.87,0.0645828]
[4421.07,4224.17,0.0061779]
[4662.06,3959.55,0.00211143]
[3543.23,4991.73,-0.0204887]
[4055.83,4586.73,0.0654812]
[4667.84,3963.57,0.0262337]
[4059.72,4587.39,0.0524082]
[4704.32,3927.95,0.00459099]
[4740.79,3893.95,-0.000276566]
[4066.63,4599.88,0.0743732]
[4736.33,3910.6,0.00959969]
[3549.44,5017.64,0.0137177]
[4597.4,4085.97,-0.000732422]
[4087.23,4604.3,0.0787754]
[4076.55,4615.37,0.222559]
[4290.91,4419.43,0.00118256]
[3565.28,5024.67,-0.00814438]
[4798.94,3871.4,0.0138092]
[3574.42,5025.54,-0.0187035]
[3575.39,5028.87,-0.0219936]
[3566.22,5035.85,0.00946045]
[4291.36,4435.84,0.00359726]
[4271.01,4468.03,0.000202179]
[4100.54,4628.16,0.0760498]
[4864.77,3824.22,0.00382042]
[4111.89,4626.49,0.0818005]
[4115.63,4624.42,0.206991]
[4625.56,4116.06,0.0142441]
[4892.54,3799.28,-0.0177593]
[4108.58,4636.16,0.0787125]
[4245.96,4511.44,0.00356197]
[4875.23,3825.62,-0.0192642]
[4249.48,4512.98,0.00360012]
[4113.56,4639.17,0.0882111]
[4122.6,4633.09,0.056057]
[4240.21,4528.24,0.00416946]
[4121.89,4638.11,0.0736618]
[4746.46,3999.55,-0.00321388]
[4912.18,3795.02,-0.0132236]
[4221.33,4553.35,-0.000627518]
[4442.82,4339.73,-0.0207272]
[4233.94,4545.14,0.00451279]
[4540.49,4243.11,-0.0090332]
[4228.45,4560.28,-0.000828743]
[4138.6,4645.09,0.0528336]
[4226.77,4568.44,0.00828648]
[4220.48,4579.99,0.00718403]
[4224.16,4579.86,0.00751972]
[3629.41,5074.97,-0.0550003]
[4182.41,4634.95,-0.00684738]
[4158.46,4656.95,-0.00500584]
[4377.88,4452.05,-0.00416756]
[4195.3,4634.47,0.00958729]
[4169.36,4658.92,-0.00951576]
[4659.14,4170.46,0.00331497]
[3645.15,5081.21,-0.0171738]
[4179.33,4651.94,-0.00115395]
[3637.81,5087.22,-0.00617218]
[4379.42,4465.94,-0.00917244]
[4163.3,4670.01,0.0219679]
[3644.8,5085.03,-0.0090332]
[3657.35,5089.62,-0.00255585]
[4166.44,4689.62,0.00427055]
[4139.28,4718.32,-0.00247192]
[4147.75,4714.35,0.00333309]
[4156.88,4707.72,0.00568771]
[4142.38,4721.97,0.00413799]
[4152.08,4714.05,0.00958824]
[3680.88,5094.76,-0.00228882]
[4639.43,4251.23,-0.0099926]
[4460.36,4447.94,0.00718117]
[4140.8,4747.05,0.0143023]
[4129.55,4763.98,-0.0187054]
[4779.56,4114.95,-0.0022068]
[4469.44,4452.98,0.000587463]
[4655.52,4259.89,-0.00938797]
[4649.5,4272.52,0.00579834]
[4463.32,4482.57,0.0193501]
[4133.33,4796.77,-0.00702477]
[3729.98,5119.15,0.0427742]
[3726.56,5121.87,-0.0494385]
[3733.37,5119.09,0.0143471]
[4785.43,4154.92,-0.0105133]
[3733.26,5121.94,0.0104599]
[4138.18,4800.8,0.134438]
[4128.39,4809.95,-0.00556755]
[4128.38,4818.93,-0.00771713]
[4676.38,4292.06,0.0169163]
[4129.81,4824.74,-0.00576401]
[4135.75,4820.91,-0.00984383]
[4126.31,4835.95,0.00471497]
[3756.6,5129.96,0.000125885]
[4133.39,4834.83,-0.00602722]
[3764.24,5131.1,-0.0103645]
[3780.44,5135.89,-0.0258675]
[4718.37,4309.92,-0.0148735]
[3796.4,5146.99,0.00665665]
[4719,4317.07,0.0220566]
[3800.22,5145.87,0.00143814]
[3811.52,5139.07,-0.0303307]
[3807.85,5145.36,-0.000873566]
[4128.32,4897.92,-0.00396538]
[4132.05,4897.27,0.0186749]
[3822.42,5142.81,-0.0287476]
[4137.05,4895.87,0.0163898]
[3829.43,5142.83,-0.0300217]
[4123.78,4915.12,-0.0101509]
[3828.17,5149.09,0.00231552]
[4753.34,4309.93,-0.00427628]
[4122.22,4931.95,-0.000270844]
[4779.42,4302.97,-0.0015316]
[3870.24,5139.83,-0.0326843]
[4122.65,4942.59,0.00390816]
[4124.39,4945.88,-0.0185204]
[4109.62,4963.02,0.0073967]
[3889.17,5139.85,-0.0176506]
[4110.75,4967.55,0.00659561]
[3897.48,5139.92,-0.0123749]
[4824.08,4286.25,0.0188179]
[3901.89,5140.59,-5.34058e-005]
[4699.97,4425.22,-0.0268707]
[4825.43,4290.01,0.012516]
[3913.47,5135.84,-0.0260201]
[4826.4,4293.98,-0.000720978]
[4110.27,4984.9,0.000387192]
[4087.45,5005.9,-0.0167828]
[4091.5,5005.83,-0.00169182]
[4088.77,5010.04,-0.00169182]
[4085.41,5016.26,0.00302696]
[4848.88,4286.53,0.0249424]
[3926.02,5145.17,0.00346375]
[4088.35,5017.95,-0.000488281]
[4082.1,5023.54,-0.00916862]
[3938.5,5140.16,-0.00330353]
[3956.43,5133.61,-0.00782013]
[4091.53,5031.04,0.0154438]
[3971.41,5134.22,-0.00196266]
[4077.01,5053,-0.00229073]
[4085.09,5048.79,0.00404358]
[3981.77,5132.3,8.39233e-005]
[4071.74,5063.71,0.00284195]
[3986.32,5138.42,0.0182533]
[4080.43,5064.78,-0.0118046]
[4073.24,5071.55,-0.0021019]
[4917.41,4258.95,0.00157738]
[3999.21,5131.46,-0.00449944]
[4064.33,5080.92,-0.0051384]
[4920.7,4258.47,0.00342751]
[4071.87,5078.68,-0.00476456]
[4068.99,5082.54,-0.0108643]
[4075.39,5078.95,-0.00556564]
[4000.52,5139.71,-0.0165462]
[4065.1,5093.76,-0.0151119]
[4080.48,5081.99,0.00649834]
[4070.43,5091.53,-0.0075531]
[4028.75,5129.79,0.00145912]
[4032.27,5133.14,0.00069809]
[4975.42,4229.9,-0.0174255]
[4071.47,5116.95,-0.0189896]
[4054.05,5132.86,-0.00677299]
[4075.84,5140.78,-0.0218201]
[4067.71,5153.45,-0.0111942]
[4076.26,5147.87,-0.0253334]
[4068.48,5162.33,0.012085]
[4080.62,5185.69,-0.00815582]
[4085.89,5203.61,-0.0127869]
[4098.27,5230.31,-0.0195293]
[4870.58,4544.61,0.006073]
[4100.83,5264.66,-0.0105724]
[4095.34,5276.91,-0.00770569]
[4885.29,4557.66,-0.0159912]
[4098.43,5278.09,-0.0117989]
[4099.38,5283.34,-0.0113335]
[4089.09,5327.86,-0.00392151]
[4912.19,4583.94,-0.00107574]
[4078.62,5342.33,-0.000869751]
[4884.28,4620.62,0.00231934]
[4893.84,4610.67,-0.00894165]
[4082.98,5348.41,-0.00212288]
[4075.38,5360.58,-0.00200081]
[4081.56,5356.4,0.000389099]
[4065.45,5375.49,0.00321007]
[4072.91,5405.12,-0.00603104]
[4059.2,5435.13,-0.0151176]
[4037,5496.38,-0.0258751]
[4038.37,5500.62,-0.0258675]
[4024.67,5531.19,-0.0264702]
[4019.07,5547.56,-0.0234833]
[4038.08,5536.39,-0.0200119]
[4026.18,5550.52,-0.025795]
[4025.46,5553.88,-0.0213509]
[4023.12,5561.57,-0.0149956]
[4019.53,5574.19,-0.0128899]
[4010.23,5596.7,-0.0142021]
[4003.5,5622.31,-0.00912857]
[4000.41,5638.93,-0.0109062]
[3989.77,5653.65,-0.0108643]
[3989.08,5673.67,-0.00969696]
[4027.01,5680.95,0.0220528]
[4030.57,5684.77,0.00871277]
[4063.43,5685.86,-0.0233498]
[4067.47,5688.94,-0.0233879]
[3956.59,5768.34,0.0204926]
[3941.89,5787.61,0.022728]
[4066.36,5704.29,0.0160942]
[3941.94,5799.27,0.0375671]
[3934.52,5820.94,0.0305634]
[3934.37,5824.07,0.0341949]
[3930.75,5827.15,0.0358963]
[4103.93,5707.38,-0.0152817]
[3928.72,5832.5,0.032177]
[3918.03,5852.8,0.0314484]
[3928.98,5850.18,0.035408]
[4119.75,5719.63,-0.0154953]
[4124.94,5729.85,0.00109863]
[4129.34,5737.48,0.00286484]
[4130.34,5754.22,0.0214462]
[4136.7,5761.89,0.015667]
[3897.14,5943.18,0.0275078]
[3890.37,5970.02,0.0206223]
[3890.38,5973.03,0.0193901]
[3877.52,5983.53,0.0157452]
[3893.7,5974.14,0.0392685]
[3875.91,5990.23,0.0122356]
[3889.69,5983.72,0.0109673]
[4167.83,5798.1,0.00703812]
[3878.9,5999.27,0.0130444]
[3909.37,5982.13,0.0614471]
[4175.53,5800.16,-0.00357056]
[3880.4,6003,0.00952721]
[3870.68,6014.13,0.0122433]
[4181.75,5808.04,-0.00571442]
[3867.7,6024.45,0.00650787]
[3876.82,6020.84,0.00346375]
[3867.2,6030.73,0.0054493]
[3870.38,6029.98,0.0115891]
[3940.76,5986.64,0.0079689]
[3953.56,5983.74,0.0452843]
[3954.55,5996.65,0.0156708]
[4208.3,5827.61,-0.00516129]
[3849.56,6081.57,0.00128365]
[3967.26,6008.34,0.00824356]
[3971.98,6009.7,-0.00789642]
[3853.18,6089.44,0.00586128]
[3972.24,6016.15,-0.00428391]
[3842.31,6102.39,0.00331116]
[4222.08,5850.56,0.00717545]
[3982.25,6018.9,0.000595093]
[3844.26,6112.82,0.00569344]
[4221.54,5861.41,0.0444107]
[4227.31,5860.07,0.0122948]
[3825.84,6148.07,0.00201988]
[3990.19,6043.93,-0.00367737]
[3831.1,6157.56,0.0084095]
[3996.09,6051.93,-0.00514603]
[3995.63,6057.2,0.0313263]
[4251.18,5882.27,0.0173607]
[4242.5,5890.02,0.0179367]
[3997.39,6063.97,-0.000267029]
[4003.41,6064.97,0.000240326]
[4007.14,6062.74,-0.00892258]
[4002.41,6067.97,0.000236511]
[4008.94,6071.27,-0.0016861]
[4002.31,6081.97,0.0181656]
[3824.54,6196.03,0.000574112]
[4015.44,6082.18,-0.00127602]
[4007.34,6091,0.0135975]
[4010.38,6089,0.00899696]
[4251.06,5923.96,0.0242538]
[4248.97,5928.89,0.0180473]
[4017.36,6093.96,0.000188828]
[3810.03,6232.23,0.00561905]
[3803.15,6240.21,0.00457573]
[3797.84,6251.67,0.00627327]
[4256.89,5962.14,0.0585022]
[3793.97,6279.96,0.0181332]
[4257.71,5981.22,0.0209312]
[4262.04,5984.5,0.0494766]
[3781.5,6314.81,0.00691795]
[3779.62,6319.84,0.00321579]
[3775.03,6333.25,0.00314331]
[4274.37,6015.11,0.0518379]
[4289.02,6047.6,0.00717163]
[3741.88,6432.09,0.00106239]
[3716.53,6483.01,-0.00169182]
[3711.45,6503.9,-0.0019989]
[3702.53,6521.18,-0.00490761]
[3721.26,6510.78,0.00226784]
[4378.24,6121,-0.0113964]
[4370.39,6135.03,0.0199394]
[4388.09,6138.79,0.0138855]
[4412.38,6131.69,-0.0135155]
[3679.95,6598.72,-0.00378227]
[4403.84,6143.48,0.0311718]
[3676.86,6607.89,-0.00247192]
[4429.7,6136.29,-0.00351524]
[3676.3,6627.28,-0.00285339]
[3685.38,6625.45,-0.001894]
[3673.27,6636.15,-0.00205803]
[3680.06,6643,-0.00135803]
[4475.79,6138.95,-0.00115585]
[3664.14,6665.93,0.00266266]
[4486.35,6149.32,0.00868034]
[3657.81,6675.61,0.00457573]
[3651.07,6693.44,0.000244141]
[4516.13,6146.59,0.0242558]
[3646.86,6719.8,-0.00153351]
[3634.65,6735.06,0.000932693]
[4574.34,6139.04,1.90735e-006]
[3639.12,6746.54,-0.00257301]
[3635.39,6749.96,-0.00115967]
[3638.18,6756.89,-0.00127792]
[3636.26,6762.78,-0.000352859]
[4618.04,6147.68,0.0147514]
[3636,6789.95,0.0030632]
[3633.42,6792.97,-0.000352859]
[4659.39,6137.96,-0.00229263]
[4658.45,6140.99,-0.00340652]
[4671.92,6133.9,-0.0111408]
[3625.19,6830.6,-0.000267029]
[3635,6825.48,-0.00044632]
[3622.39,6851.58,-0.000225067]
[3628.18,6848.8,-0.00268936]
[3618.29,6855.08,0.0207806]
[4726.43,6147.09,0.0320282]
[4750.5,6136.33,-0.00312424]
[3625.39,6864.74,0]
[3617.36,6876.66,0.00488663]
[3620.38,6876.96,-0.000869751]
[3623.38,6875.98,0.0026722]
[3625.48,6879.33,-0.00141907]
[3608.22,6901.62,0.000131607]
[3562.18,6937.76,-0.00526428]
[3566.71,6936.46,-0.00350571]
[3586.1,6931.48,0.00410843]
[3562.48,6951.76,0.00645828]
[4850.03,6147.78,-0.00650597]
[3542.04,6995.37,0.000238419]
[4901.87,6147.82,0.0227795]
[3508.56,7041.19,-0.00468445]
[4912.26,6160.21,0.000104904]
[3512.07,7054,-0.00591278]
[3518.47,7050.81,-0.012785]
[4933.09,6151.69,0.0144482]
[4949.99,6139.06,-0.0109119]
[4942.76,6150.02,0.0138893]
[4912.11,6202.09,-0.00494576]
[4922.88,6215.02,0.000442505]
[3508.62,7112.47,-0.00731087]
[3511.46,7119.48,-0.00619698]
[3496.6,7140.44,-0.000865936]
[3506.88,7138,-0.00292587]
[3506.45,7141.01,0.0123672]
[3497.14,7152.07,0.00625038]
[4936.9,6245.91,0.00688362]
[3487.96,7157.44,0.00164795]
[3493.37,7164.87,0.00144005]
[4942,6258.13,0.00238991]
[3485.51,7178.33,0.00286102]
[3474.37,7194.13,-0.000225067]
[3465.96,7200.2,0.00696754]
[4954.14,6280.68,0.0044384]
[4951.59,6297.19,0.00238228]
[3440.14,7238.37,0.0095253]
[3437.11,7247.82,0.0041008]
[3411.46,7269.27,0.0119781]
[3409.12,7273.78,0.0133514]
[3403.8,7279.43,0.00544167]
[4974.45,6327.77,0.00388908]
[3397.04,7299.9,0.00892067]
[4983.01,6333.05,0.000164032]
[4980.14,6341.99,-0.000944138]
[3395.18,7332.33,0.00210762]