"INSRXN - IED positions - South"
[3464.29,2015.53,0.0350075]
[3448.69,2044.63,0.000919342]
[3441.17,2043.56,0.0393658]
[3424.08,2072.11,0.0168791]
[3406.88,2095.34,0.0342531]
[3391.26,2101.07,0.0430799]
[3388.36,2112.69,0.0309639]
[3392.39,2118.47,0.0399523]
[3387.28,2125.51,0.0302072]
[3339.95,2086.53,-0.00821257]
[3323.96,2069.98,0.00319004]
[3380.09,2133.41,0.00761461]
[3302.84,2054.17,0.003088]
[3385.39,2152.99,0.00712967]
[3301.37,2068.27,0.183828]
[3380.7,2155.35,0.00689793]
[3379.22,2158.71,0.0169449]
[3384.31,2170.69,0.00877714]
[3386.19,2176.52,0.0116529]
[3377.2,2177.51,0.0305243]
[3271.4,2065.09,0.0330665]
[3388.44,2209,0.00692081]
[3381.75,2217.55,0.00919342]
[3231.48,2064.59,0.0246196]
[3226.16,2062.53,0.0228565]
[3212.56,2026.38,0.024303]
[3198.6,1942.07,-0.000513077]
[3658,2238.9,-0.00513172]
[3195.86,1951.21,0.00404358]
[3385.35,2235.98,0.00624228]
[3593.99,2261.93,-0.00310135]
[3627.64,2255.89,0.0306005]
[3190.21,1943.95,0.00299597]
[3190.81,1907.63,-0.00632572]
[3595.37,2264.96,0.00640011]
[3393.22,2247.37,-0.00843191]
[3209.6,2065.58,-0.00280499]
[3587.93,2272.82,0.0623093]
[3729.15,2217.13,-0.00520515]
[3585.47,2278.42,0.0712309]
[3398.91,2259.49,-0.00610065]
[3689.9,2244.84,0.0177269]
[3711.54,2232.92,0.0182934]
[3564.36,2287.79,0.0708189]
[3739.45,2223.78,0.0261183]
[3405.29,2271.11,0.00544739]
[3176.39,1829.96,-0.00229216]
[3173.1,1832.11,-0.000526905]
[3503.71,2301.32,0.0445137]
[3763.52,2220.24,0.130777]
[3412.74,2290.38,0.00997305]
[3795.6,2205.05,0.0106573]
[3222.44,2166.92,-0.0123541]
[3423.96,2304.74,-0.0144005]
[3805.37,2202.04,0.0230799]
[3215.19,2169.95,-0.00169206]
[3805.37,2213.24,0.0617914]
[3817.63,2204.72,0.00650978]
[3214.35,2187.18,-0.00135875]
[3215.81,2209.6,-0.0016923]
[3860.3,2214.62,0.0981865]
[3214.79,2256.6,0.0104799]
[3121.98,1737.22,0.000905037]
[3886.38,2220.09,0.0506496]
[3224.66,2279.72,-0.00339723]
[3890.32,2218.51,0.0178814]
[3908.85,2220.49,-0.00477123]
[3101.52,1707.41,0.00157833]
[3228.04,2313.85,-0.0104046]
[3096.35,1691.76,-0.0124617]
[3930.32,2232.21,0.0263786]
[3991.04,2136.9,0.0152388]
[3963.78,2191.52,0.0248384]
[4005.24,2125.24,0.0141439]
[4021.69,2087.35,0.0102119]
[3968.26,2207.88,0.0195475]
[3225.06,2361.06,-0.00709343]
[4030.26,2086.61,0.00286293]
[4051.56,2044.51,0.0112858]
[3226.1,2374.75,-0.00735044]
[4048.44,2063.07,0.0324116]
[4050.33,2102.96,0.00315857]
[4053.39,2105.06,0.0292759]
[4054.77,2101.58,-0.00864601]
[3230.25,2406.24,-0.0154257]
[4084.99,2007.2,0.0499878]
[3222.93,2405.12,0.0124578]
[4064.43,2113.7,0.0161667]
[3240.4,2429.87,-0.0215979]
[3226.31,2426.9,-0.00801182]
[3045.74,1608.12,-0.0066607]
[3046.76,1602.28,-0.0126543]
[3241.75,2446.34,-0.0261784]
[3242.4,2449.46,-0.0232773]
[3230.86,2443.32,-0.00662136]
[3023.69,1586.27,0.0170681]
[3252.29,2480.76,-0.0161638]
[4141.84,1956.75,0.0887165]
[4148.96,1949.28,0.0884209]
[4158.24,1948.79,0.0912876]
[3760.01,1335.46,0.00517178]
[3030.44,1529.16,0.00218081]
[3022.9,1534.69,0.00819492]
[3030.02,1522.21,0.0306344]
[3744.02,1322.04,-0.00323772]
[3792.3,1341.02,-0.00661373]
[3741.45,1318.02,-0.00891876]
[3299.78,2546.92,0.0185804]
[3825.47,1348.71,0.0237732]
[3309.98,2551.55,-0.00713062]
[4185.57,1961.03,0.0852661]
[3815.82,1337.65,-0.00815487]
[3026.28,1500.68,0.0202332]
[3330.08,2571.35,-0.00280476]
[3033.71,1481.62,0.00891161]
[3706.88,1285.2,-0.0131884]
[4161.32,2164.04,0.0608425]
[4205.63,1945.32,0.0849838]
[3641.29,1258.99,-0.00930786]
[3349.85,2592.95,0.0230026]
[3590.4,1251.83,0.00822544]
[3373.38,2599.94,-0.00773525]
[3573.97,1247.93,0.0161705]
[3592.37,1248.98,0.00613213]
[3110.39,1379.1,0.0693336]
[3408.11,2621.32,-0.00141907]
[3526.28,1230.33,0.00832176]
[3537.6,1229.37,-0.00857925]
[4231.68,1912.91,0.0662155]
[3428.69,2634.41,-0.00127697]
[2819.11,1947.61,-0.00917149]
[4196.99,2173.72,0.0338879]
[4238.43,1901.84,0.0656204]
[2815.52,1955.5,0.00457764]
[2813.85,1908.9,-0.0133419]
[3899.43,1321.05,0.0243597]
[2812.55,1886.95,-0.0108643]
[3438.42,2645.07,0.0327911]
[2845.13,2154.07,-0.014955]
[2809.52,1964.31,0.0777087]
[3907.5,1319.32,0.0291719]
[4208.32,2173.65,0.0476742]
[2824.19,2102.92,-0.000573635]
[2807.68,2021.19,0.00819063]
[2805.88,2009.69,0.024652]
[3146.15,1315.03,-0.00278282]
[2839.7,2165.93,-0.00283623]
[3479.21,2659.59,-0.0147572]
[2800.42,1892.48,0.00371885]
[2811.55,2067.14,0.000593662]
[3142.38,1313.95,-0.00222683]
[2799.81,1889.71,0.133276]
[3482.9,1202.56,-0.0103655]
[3466.08,1200.56,-0.0060854]
[4260.55,1872.29,0.0298576]
[2841.3,2201.42,-0.00730276]
[3158.38,1287.09,-0.00243473]
[2833.58,2201.07,0.13177]
[3147.67,1290.61,-0.0032115]
[2838.21,2222.79,-0.00555086]
[2844.71,2240.4,-0.0140338]
[2839.12,2232.58,-0.0132837]
[3522.54,2685.02,-0.00858307]
[3162.64,1272.51,-0.00280571]
[4252.33,2182.12,0.0623913]
[4255.62,2182.77,0.0637779]
[4261.6,2172.6,-0.00720596]
[4269.29,2174.97,-0.0154114]
[2849.46,2322.86,-1.52588e-005]
[3996.32,1304.04,0.044631]
[3574.22,2716.96,-0.00583744]
[4275.84,2181.16,-0.0028038]
[2850.1,2336.21,0.0362473]
[3824.68,2669.09,-0.0117102]
[3818.41,2674.01,0.00557613]
[3619.73,2726.71,-0.00938416]
[3820.05,2677.28,0.028945]
[3187.4,1208.96,-0.000329018]
[3350.83,1152.44,0.0163803]
[2867.24,2385.72,-0.0120108]
[4024.69,1302.81,-0.00205994]
[3185.81,1205.65,-0.00255966]
[4033.01,1307.18,0.00125313]
[2868.32,2392.56,-0.0142131]
[4289.21,2201.1,0.0132084]
[2864.41,2392.91,-0.0154889]
[4058.19,1323.15,0.106972]
[4061.14,1325.28,0.109951]
[3650.35,2737.67,-0.0045433]
[3663.7,2742.82,-0.00583458]
[4082.04,1323.24,-0.00293541]
[3315.88,1136.39,0.00374031]
[2869.03,2430.94,-0.00175309]
[4103.47,1337.98,0.107481]
[2858.9,2430.41,0.00735545]
[3288.35,1132.98,0.0240798]
[2864.64,2450.94,-0.00726604]
[3884.52,2696.31,0.0150595]
[4146.89,1357.79,0.14253]
[4156.71,1363.42,-0.00573921]
[3901.61,2695.24,-0.00858021]
[4148.39,1352.52,-0.00325203]
[2692.01,1780.33,-0.0179524]
[2693.35,1766.84,-0.0117855]
[4243.04,1469.96,0.0290184]
[2861.91,2463.65,0.00691319]
[4204.4,1413.91,-0.01408]
[3721.75,2763.51,0.00373936]
[4207.59,1415.21,-0.0173264]
[2690.38,1764.88,-0.0180626]
[4203.67,1408.36,-0.00762177]
[3699.13,2783.98,-0.0054369]
[3911.48,2711.98,0.00395966]
[2850.45,2478.44,-0.0102615]
[3233.44,1110.93,-0.00714207]
[4284.4,1486.46,-0.00947571]
[4282.73,1482.08,-0.0104828]
[3689.05,2797.31,-0.0105705]
[3788.13,2778.16,0.012248]
[2667.61,1727.45,-0.00577402]
[4296,1488.32,-0.0104523]
[3680.68,2806.95,-0.00417233]
[2664.81,1723.03,-0.0035696]
[4369.78,2219.19,0.0223236]
[2833.72,2489.56,-0.0249567]
[3210.14,1101.43,-0.0042088]
[2838.09,2496.7,0.00907993]
[2660.41,1723.97,-0.00299835]
[2659.01,1721.07,0.00171328]
[3808.93,2788.44,0.0166187]
[3975.44,2717.38,-0.00713062]
[3671.05,2828.78,-0.0021162]
[4332.04,1511.67,-0.0114403]
[3217.13,1079.31,-0.000350952]
[2825.49,2512.2,0.614031]
[3218.42,1075.98,0.000848532]
[3894.6,2767.48,0.0155935]
[4408.52,2193.84,0.00471878]
[2819.63,2520.84,-0.00574493]
[4409.88,2199.51,0.00921631]
[3222.48,1054.08,-0.000354052]
[2651.52,1617.96,-0.000496626]
[4375.51,1531.98,-0.0129623]
[2802.42,2527.34,-0.0294247]
[2636.37,1638.87,-0.0187569]
[3647.99,2865.69,-0.00564861]
[3132.72,2786.53,-0.0086422]
[2655.67,1579.48,0.00841379]
[3169.44,2808.93,-0.0113659]
[2803.5,2543.6,-0.0227537]
[3152.06,2803.33,-0.00916576]
[3901.23,2805.52,-0.00764751]
[3059.32,2760.4,-0.00904894]
[2710.91,1445.59,0.0227084]
[3121.33,2793.03,0.0253763]
[4025.07,2745.95,-0.0054388]
[2688.62,1477.56,-2.19345e-005]
[3050.32,2762.23,0.005054]
[3201.92,2833.57,0.0152397]
[3205.42,2834.97,-0.00902367]
[3221.65,1024.44,0.0169435]
[2673.26,1495.55,-0.00481987]
[3202.32,2836.98,0.00959206]
[4416.76,1565.86,0.00484848]
[2695.45,1452.16,0.00870514]
[3908.86,2815.85,-0.000224113]
[3037.18,2759.99,0.0479908]
[2713.75,1419.48,0.00699997]
[2678.51,1479.33,0.00125837]
[3638.35,2889.83,0.00849628]
[3906.89,2819.56,0.0113211]
[4030.72,2759.21,0.0184698]
[2755.38,1348,0.0103168]
[2755.76,1345.12,0.0103259]
[4034.36,2761.95,0.00849724]
[3234.52,2861.44,0.0139933]
[2784.67,1298.98,0.0211706]
[3314.4,2886.92,-0.012043]
[2789.51,1289.45,0.0375156]
[3231.39,2866.96,-0.00255775]
[3327.95,2893.81,0.0282221]
[4444,1578.07,-0.00871658]
[2813.38,2611.73,0.0446901]
[2884.15,1178.81,0.0657091]
[2876.16,1185.34,-0.0140328]
[2779.02,1278.92,2.86102e-006]
[2813.42,1240.86,-0.0239]
[2817.8,2629.44,0.0887747]
[3373.41,2917,0.00875759]
[2813.81,1237.59,-0.0323267]
[2812.61,2629.57,0.0923738]
[3606.23,2929.9,0.0154619]
[3217.01,977.998,0.00899363]
[3946.85,2847.2,-0.0109043]
[4480.37,1605.9,-0.00269318]
[2815.06,2648.1,0.0487199]
[2917.53,1128.06,-0.010242]
[2904.98,1128.77,0.00946236]
[3213.48,965.205,0.018292]
[2917,1118.61,-0.0113201]
[2916.38,1115.9,-0.00785828]
[3587.98,2953.3,0.0196943]
[3420.02,2950.42,0.000279427]
[4092.74,2791.39,-0.00840092]
[4512.21,1628.4,0.0158195]
[3212.84,948.174,-0.00582266]
[4546.03,2139.83,0.0337029]
[2835.24,2708.45,0.00414324]
[3455.44,2972.55,-0.00976753]
[2826.58,2703.96,0.012054]
[2948.94,1062.05,-0.00391889]
[4557.06,2132.22,0.0191154]
[3457.25,2979.17,-0.00965595]
[3555.39,2984.22,0.00487328]
[4562.35,2125.72,0.00475311]
[2958.65,1042.48,-0.00177979]
[3468.69,2988.56,0.00232029]
[3543.35,2990.28,-0.00350761]
[4116.44,2813.47,0.00688839]
[3470.37,2991.93,-0.00699043]
[4550.76,1649.3,0.0920563]
[4547.35,1636.85,-0.0156059]
[4574.3,2125.37,0.031189]
[2951.2,1025.91,-0.00515175]
[2960.86,1019.39,0.00158787]
[3530.91,3010.14,0.00967979]
[4571.45,1653.98,0.0418854]
[4135.13,2826.62,-0.00650883]
[2961.89,1008.31,0.00749779]
[2952.2,1012.75,0.00208449]
[2963.06,995.453,0.0099628]
[4589.75,1665.11,0.0700836]
[3507.34,3030.96,0.00321293]
[3528.41,3032.92,-0.0117044]
[3962.39,2950.94,-0.00619125]
[3956.36,2962.86,-0.00684357]
[3557.68,3048.38,0.00399017]
[3539.41,3049.05,0.0198355]
[3542.34,3050.98,0.00973988]
[2798.97,2783.96,0.0196888]
[3553.34,3054.94,0.0135555]
[4639.95,2092.88,0.0508652]
[3576.41,3055.94,-0.010498]
[3571.82,3059.48,0.0254478]
[2952.22,950.039,0.00482583]
[2783.39,2794.98,0.00457931]
[2780.36,2794.95,-0.00134397]
[2780.52,2797.96,-0.00256157]
[2954.93,942.784,0.000843048]
[4658.75,1704.38,0.049984]
[4674.91,2062.5,0.00210953]
[3960.49,3003.62,-0.00669193]
[2950.06,930.409,-0.00452638]
[4169.27,2896.72,-0.00562096]
[3956.39,3009.95,-0.00557041]
[3957.78,3012.69,-0.0066185]
[2760.56,2807.51,-0.00722146]
[3965.62,3012.92,-0.00619316]
[4170.64,2906.46,0.0108185]
[2760.93,2816.88,0.0128777]
[3620.8,3103.88,-0.00938892]
[3964.98,3024.23,-0.00844669]
[4183.66,2910.26,0.00484657]
[3618.01,3109.18,0.0138674]
[2941.04,906.984,0.00751352]
[4198.77,2921.34,0.0242138]
[2739.39,2833.95,-0.00367737]
[2742.04,2836.83,0.00109291]
[4710.14,1730.93,0.14925]
[4725.57,2039.65,0.0242748]
[4740.46,2020.9,-0.00427818]
[2941.6,867.135,0.0199056]
[4736.87,1745.08,0.109371]
[3650.43,3155.48,-0.000516891]
[2928.03,850.122,0.0196767]
[4764.2,2003.28,-0.0067234]
[4763.58,1766.84,0.009758]
[3656.77,3172.73,-0.00503159]
[4778.28,1994.27,-0.00714684]
[3966.28,3107.95,-0.0105906]
[2711.51,2888.86,-0.0109115]
[4784.63,1995.39,-0.000102997]
[3973.52,3114.94,-0.0111589]
[3973.15,3122.91,-0.0131073]
[4805.47,1984.3,0.00858879]
[3167.23,695.485,-0.00243521]
[3936.08,3159.53,-0.00476456]
[4252,3007.07,-0.0150299]
[3666.34,3221.92,0.00488949]
[3943.43,3162.01,0.00975418]
[4248.69,3014.1,-0.00891018]
[4251.24,3017.73,-0.0096283]
[2709.8,2951.47,0.000604153]
[3888.13,3190.08,-0.000232697]
[3681.32,3232.08,-0.00554943]
[4834,1817.47,0.0231018]
[3681.44,3234.92,-0.0141315]
[3995.49,3158.43,0.00157356]
[4836.95,1820.61,0.0201225]
[4841.64,1957.15,-0.00275421]
[3893.39,3196.03,0.0194016]
[4839.57,1833.71,0.332855]
[4838.44,1815.76,-0.0133934]
[4003.41,3162.7,-0.0121613]
[3687.73,3242.03,-0.0118771]
[3883.39,3204.22,0.010828]
[4848.78,1963.42,0.023016]
[3838.27,3219.77,0.00365925]
[3867.64,3212.67,-0.0112419]
[3859.32,3218.95,-0.0125847]
[2907.86,754.702,0.0157204]
[4244.43,3055.52,-0.00698566]
[4857.71,1848.99,0.0253067]
[3802.61,3236.83,0.000976563]
[3833.69,3230.4,0.031147]
[4019.8,3173.97,-0.0124683]
[2707.72,2988,0.00875282]
[4864.79,1946.12,-0.0011158]
[3825.26,3236.3,0.0117006]
[3698.98,3262.46,-0.0118046]
[3703.42,3262.95,-0.00603104]
[3706.45,3264.94,-0.00942135]
[3808.98,3247.42,-0.00378132]
[3704.89,3268.13,-0.00378704]
[3774.04,3257.41,0.006073]
[3155.6,637.264,0.00206947]
[2710.28,3005.82,0.00541806]
[3745.33,3264.94,-0.000598907]
[2703.13,3010.88,0.0152891]
[3740.38,3273.66,0.00948715]
[3708.31,3279.42,-0.0120029]
[4890.65,1932.93,-0.00119019]
[3735.21,3283.3,0.0249538]
[3723.26,3287.08,0.00559616]
[4898.1,1882.09,0.0416527]
[3149.2,607.58,0.00360203]
[2717.93,3049.98,-0.00469351]
[3149.39,604.984,0.00457859]
[3714.36,3302.14,0.0236158]
[4262.5,3105.66,-0.0172253]
[4916.51,1923.99,0.0073967]
[4268.79,3114.28,-0.0173168]
[2729.44,3076.25,-0.0172095]
[4922.8,1885.52,0.00599289]
[3736.65,3319.86,-0.012351]
[4931.28,1911.66,0.0114479]
[2893.08,679.067,-0.0124846]
[3144.17,579.832,0.000289917]
[4287.37,3117.91,-0.00670624]
[4271.37,3130.96,-0.00062561]
[4275.19,3130.85,-0.00247002]
[4272.38,3133.96,-0.00135803]
[4857.92,1444.71,0.189335]
[4944.4,1896.97,-0.000736237]
[4869.29,1474.78,0.211681]
[4838.13,1388.48,-0.00159454]
[4946.75,1907.82,-0.00449371]
[4884.36,1507.3,0.0639229]
[4950.37,1909.98,0.00576401]
[4900.48,1542.66,0.0613823]
[4279.18,3146.21,0.000896454]
[4787.07,1259.88,-0.000263214]
[2814.74,3169.67,-0.0181913]
[4893.96,1513.25,0.0833511]
[4780.52,1244.63,0.00627518]
[4818.16,1317.66,-0.00468445]
[4959.56,1912.2,0.0158539]
[4909.34,1554.62,0.0786819]
[2739.78,3128.92,-0.0237865]
[4278.7,3156.74,0.0269451]
[4778.17,1224.41,0.00294113]
[2813.84,3180.33,-0.0314026]
[4781.43,1224.98,0.000682831]
[4967.95,1904.09,-0.00203323]
[3748.32,3356.11,0.023468]
[4761.2,1187.63,0.0123215]
[4936.14,1626.45,0.00668335]
[4771.88,1202.01,0.00118256]
[4019.65,3293.62,-0.0031147]
[4287.16,3169.62,-0.00100708]
[4764.94,1169.56,0.00221634]
[4951.8,1636.88,-0.00399017]
[4026.97,3300.33,0.000175476]
[4758.09,1154.28,0.00771713]
[4964.95,1697.41,-0.00788498]
[4969.71,1705.29,-0.00609589]
[4974.26,1706.23,0.000606537]
[4974.47,1701.02,-0.0068512]
[4977.91,1716.77,-0.00518417]
[4975.42,1693.13,-0.00828171]
[4986.82,1750.6,-0.00512314]
[4756.7,1121.76,0.00185013]
[4012.03,3323.65,0.00410652]
[4288.46,3194.6,-0.000120163]
[2784.47,3206.89,-0.0180397]
[5001.22,1788.45,-0.00180817]
[5006.53,1812.7,-0.00557709]
[2787.23,3220.41,-0.030468]
[2723.3,3186.31,-0.0201511]
[2887.07,586.221,0.00921059]


"INSRXN - IED positions - West"
[1908.48,4704.87,-0.00773239]
[1918.81,4710.42,-0.0124092]
[1899.04,4703.54,-0.0113297]
[1904.38,4709.99,0.00769043]
[1911.37,4713.04,0.0222015]
[1879.35,4698.97,0.00291824]
[1887.59,4706.81,0.0146255]
[1868.7,4684.93,-0.000873566]
[1875.87,4697.08,0.00416183]
[1942.25,4721.65,-0.00501251]
[1877.04,4701.81,0.017067]
[1941.4,4727,0.00523376]
[1855.4,4678.97,0.000659943]
[1998.34,4693.49,-0.00162125]
[1855.47,4682.09,0.00332642]
[1855.37,4686.13,0.0079689]
[1942.38,4733.96,0.00231552]
[1850.33,4678.41,-0.000865936]
[1981.34,4718.92,-0.00468445]
[1845.24,4662.59,-0.00285339]
[1996.29,4707.12,-0.00209427]
[1964.65,4731.57,-0.0135612]
[1843.66,4656.38,-0.00460052]
[2016.3,4680.18,-0.00724411]
[2005.51,4703.57,0.00265503]
[1839.1,4660.85,-0.000556946]
[1993.93,4718.93,0.00186157]
[1968.41,4737,0.00758362]
[2016.19,4687.16,0.000240326]
[1976.86,4733.85,-0.00127792]
[1965.04,4739.86,0.0200386]
[1986.97,4728.42,0.00186157]
[2010.29,4703.34,-0.00302505]
[1982.39,4733.08,0.000907898]
[1997.41,4720.97,-0.000938416]
[1977.03,4738.55,0.000961304]
[1830.38,4657.98,0.00453949]
[1974.02,4743.4,0.0109711]
[2026.95,4681.96,0.015728]
[1967.58,4747.89,-0.00212097]
[1827.54,4658.72,0.0043335]
[1971.66,4747.92,0.00218582]
[2034.04,4671.51,0.000907898]
[2031.43,4684.47,-0.00257492]
[2034.46,4675.03,0.0183067]
[2037.4,4669.97,0.000442505]
[1960.38,4757.95,-0.00463486]
[1964.37,4765.53,0.0152206]
[1947.03,4774.49,0.00337982]
[2055.77,4657.17,0.0183067]
[2060.59,4658.94,0.015728]
[1932.36,4797.93,-0.00616455]
[2074,4635.27,-0.00392532]
[2033.41,4544.07,0.0283585]
[1936.32,4804.96,0.0138168]
[2080.27,4624.42,-0.00228882]
[1927.83,4806.31,0.00975037]
[2084.38,4624.87,-0.00357437]
[2042.71,4539.85,0]
[2090.85,4618.06,-0.000514984]
[2056.45,4545.44,0.0172997]
[2097.18,4615.39,0.0124474]
[2062.09,4542.71,0.0196762]
[2061.39,4537.95,-0.00367355]
[2100.47,4613.01,0.0126305]
[2065.04,4535.78,-0.0130501]
[2067.39,4532.92,-0.0132065]
[2107,4608.19,0.00180817]
[2109.99,4592.88,0.000957489]
[2101.59,4545.13,0.022049]
[2107.32,4545.37,0.0308838]
[2102.77,4537.39,-0.00989914]
[2110.37,4548.96,-0.00100327]
[2110.41,4544.01,0.013279]
[2117.09,4546.31,0.0211792]
[2120.37,4547.04,0.0261803]
[2137.6,4575.21,0.00371552]
[2140.48,4580.03,-0.0059433]
[2131.28,4554.99,0.0197983]
[2131.18,4551.28,-0.000488281]
[2127.41,4540.95,-0.0120316]
[2145.38,4580.95,-0.00312042]
[2142.49,4572.29,0.00406647]
[2141.29,4555.49,-0.00619125]
[2144.73,4561.65,-0.0120506]
[2151.99,4562.24,-0.0085907]
[2163,4557.21,-0.00617218]
[2167.44,4565.02,0.00701904]
[2174.26,4558.76,0.0326538]
[2175.04,4552.79,-0.00174332]
[2181.69,4545.62,-0.00704575]
[2192.83,4547.04,0.0152206]
[2203.1,4541.24,0.00525284]
[2213.81,4521.76,0]
[2215.39,4525.01,0.0257225]
[2233.1,4515.58,0.0181389]
[2236.21,4506.79,-0.00134659]
[2247.08,4501.04,0.00259018]
[2264.66,4493.99,0.00875854]
[2266.45,4497.06,0.0290794]
[2276.87,4487.48,0.0257988]
[2292.14,4479.92,0.0108261]
[2321.54,4458.51,0.0140228]
[2330.64,4464.88,0.0326805]
[2334.58,4464.65,0.0229759]
[2334.41,4461.01,0.010437]
[2335.79,4457.76,-0.0021019]
[2337.39,4461.02,0.0167389]
[2348.41,4455.02,0.0142899]
[2350.02,4451.42,-0.0146255]
[2362.25,4463.57,0.0253258]
[2367.9,4459.84,0.0398445]
[2368.38,4450.84,0.0198174]
[2374.38,4463,0.0109673]
[2374.31,4459.83,0.0260201]
[2377.43,4461,0.00833511]
[2378.57,4453.1,-0.0051918]
[2389.81,4452.41,0.0117264]
[2398.57,4447.7,-0.00518799]
[2420.68,4441.87,0.0114975]
[2417.42,4433.94,-0.00814056]
[2419.24,4436.62,0.00188828]
[2431.84,4428.79,0.0167007]
[2487.15,4437.77,0.0120811]
[2499.87,4441.53,0.0113335]
[2513.8,4452.45,0.0192604]
[2518.39,4461.09,0.0425987]
[2514.98,4448.39,0.00730133]
[2519.01,4458.22,0.00457764]
[2520.42,4455.04,0.0229797]
[2533.36,4466.66,0.0202675]
[2530.22,4455.63,-0.00608063]
[2534.38,4461.01,0.0213356]
[2536.42,4466.04,0.0229836]
[2544.59,4465.35,0.00959015]
[2563.18,4481.92,0.026123]
[2573.37,4493.13,0.00758743]
[2592.66,4490.31,-0.0061245]
[2597.46,4495.96,-0.00283241]
[2600.46,4497.71,0.0056057]
[2606.77,4495.72,-0.0165291]
[2609.45,4498.95,-0.00622559]
[2613.11,4510.31,0.026535]
[2614.02,4504.33,0.00834846]
[2629.87,4508.82,0.000640869]
[2666.25,4520.68,-0.00056076]
[2674.91,4526.19,0.00959587]
[2704.53,4532.99,0.0137863]
[2716.6,4528.75,-0.00292778]
[2722.18,4531.7,-0.00513649]
[2724.88,4527.5,-0.0212688]
[2734.92,4527.03,-0.0241261]
[2749.43,4525.85,-0.0246639]
[2758.55,4528.1,0.0337124]
[2790.16,4534.51,-0.0040741]
[2792.41,4537.98,0.00356293]
[2799.42,4698.94,-0.00802231]
[2794.41,4534.95,-0.00684547]
[2757.86,4931.25,-0.00904846]
[2762.05,4926.58,-0.00704575]
[2806.54,4695.77,0.00209618]
[2801.89,4543.83,0.0201168]
[2812.61,4689.57,-0.0121231]
[2761.98,4953.67,-0.00936127]
[2817.45,4679.33,-0.00406456]
[2820.47,4697.48,0.0258026]
[2822.32,4651.09,-0.014761]
[2758.25,4986.22,-0.00292206]
[2822.42,4692.97,-0.000349045]
[2763.8,4978.49,-0.0106697]
[2818.61,4541.1,-0.00494003]
[2820.66,4549.54,0.0313282]
[2826.16,4694.38,-0.00733948]
[2821.42,4540.94,-0.00916862]
[2829.35,4702.79,0.0197258]
[2735.41,5058.95,-0.00434494]
[2724.14,5081.51,-0.00684357]
[2734.41,5061.94,-0.00429916]
[2760.65,5005.89,-0.000759125]
[2826.87,4551.35,-0.00100899]
[2758.22,5011.78,0.0393486]
[2753.09,5026.24,-0.0110474]
[2731.32,5072.1,0.000331879]
[2761.53,5011.09,0.0330353]
[2835.4,4638.91,-0.0147305]
[2834.41,4707.06,0.0279846]
[2830.42,4549.96,-0.00654411]
[2710.84,5113.12,-0.00635147]
[2736.97,5067.17,-0.00391388]
[2728.46,5083.94,-0.00436401]
[2837.43,4641.93,-0.0112534]
[2728.48,5086.95,-0.00554657]
[2837.41,4703.94,-0.00773621]
[2837.94,4706.86,0.0253334]
[2722.75,5099.18,-0.0051384]
[2711.45,5118.97,-0.00167465]
[2768.67,5008.69,0.0128937]
[2840.98,4642.72,-0.00626373]
[2735.48,5078.98,0.00271225]
[2840.51,4698.07,-0.0093689]
[2840.35,4710.01,0.016613]
[2712.45,5121.95,-0.00519562]
[2732.05,5088,-0.0187645]
[2726.47,5099.01,0.00997543]
[2731.42,5090.96,-0.00382614]
[2843.37,4712.03,0.0212021]
[2845.08,4633.6,-0.0103436]
[2675.34,5184.86,-0.00595474]
[2703.59,5144.79,-0.000640869]
[2705.49,5142.03,0.0177422]
[2702.47,5147.97,-0.000312805]
[2695.77,5159.89,0.0123901]
[2777.61,5008.46,-0.00426483]
[2847.41,4715.03,0.017334]
[2844.44,4548.95,-0.00733757]
[2849.01,4710.88,0.0181313]
[2846.97,4560.47,0.00284195]
[2850.38,4714.03,0.0282249]
[2781.81,5010.39,-0.0102119]
[2853.84,4706.23,-0.0122128]
[2850.5,4549.92,-0.0274944]
[2852.98,4564.3,-0.00390053]
[2859.2,4617.34,-0.0110493]
[2783.84,5023.4,0.0394249]
[2743.72,5109.5,0.0312576]
[2863.41,4618.92,-0.0128117]
[2860.82,4557.01,0.0188179]
[2865.48,4622.03,0.0173416]
[2865.32,4612.28,-0.0137291]
[2864.38,4718.65,0.0205021]
[2748.45,5111.1,0.0428543]
[2868.42,4614.92,-0.0130615]
[2868.75,4620.87,0.0116539]
[2749.59,5114.04,0.0148163]
[2874.39,4565.27,0.0034256]
[2878.24,4567.95,0.00447845]
[2882.03,4615.28,-0.00391769]
[2881.81,4715.66,-0.017664]
[2884.38,4597.91,-0.0112572]
[2762.38,5123.99,0.023407]
[2882.42,4558.52,-0.0118732]
[2768.48,5114.92,-0.0123634]
[2885.16,4723.82,0.0259476]
[2762.42,5127.07,0.0326767]
[2887.66,4608.75,0.00547791]
[2889.03,4716.24,-0.00400352]
[2765.63,5128.74,0.0106392]
[2890.51,4603.03,0.0190716]
[2771.83,5122.49,-0.00285721]
[2890.37,4562.93,-0.000940323]
[2893.72,4603.85,0.0181446]
[2893.72,4716.32,-0.00489998]
[2814.37,5042.09,0.0441589]
[2893.41,4565,0.00909805]
[2817.37,5044.01,0.015255]
[2899.08,4601.38,-9.91821e-005]
[2899.41,4589.05,-0.0126553]
[2901.53,4714.47,-0.0142174]
[2778.79,5131.57,-0.00189209]
[2907.08,4716.79,0.00561905]
[2908.16,4598.01,-0.0061245]
[2784,5133.62,0.0259399]
[2907.36,4561.78,-0.00815201]
[2910.03,4575.34,-0.00726128]
[2911.31,4718.4,0.0276451]
[2913.27,4711.97,-0.0130596]
[2914.45,4714.95,-0.00513268]
[2835.65,5049.98,-0.0118637]
[2917.2,4711.67,-0.0123348]
[2919.43,4720.81,-0.0456161]
[2838.67,5058.55,0.00324631]
[2924.8,4708.85,-0.0104256]
[2924.94,4713.31,0.00306702]
[2798.34,5146.08,0.00739288]
[2721.58,5263.42,-0.00178146]
[2734.75,5246.5,-0.00153351]
[2928.63,4714.34,0.015255]
[2744.43,5235.95,-0.00703049]
[2928.31,4557.84,-0.00789261]
[2747.71,5235.51,-0.00709152]
[2718.48,5276.07,0.0109901]
[2765.03,5213.33,0.00959778]
[2852.29,5063.42,-0.00938416]
[2782.84,5193.35,-0.00358963]
[2810.25,5147.83,-0.0113678]
[2786.46,5190.94,-0.00828171]
[2816.4,5140.14,-0.00658035]
[2809.32,5156.05,0.0127869]
[2941.16,4715.65,-0.030838]
[2828.92,5120.92,-0.0124741]
[2943.48,4712.84,-0.0434074]
[2821.33,5145.94,0.011425]
[2951.5,4706.34,-0.00626755]
[2832.45,5135.09,-0.00933075]
[2862.01,5076.01,-0.00382996]
[2840.95,5120.08,0.00793076]
[2859.36,5088.87,-0.0125122]
[2862.98,5084.84,-0.00834656]
[2858.18,5098.92,-0.00289536]
[2863.41,5087.97,-0.00111771]
[2854.82,5109.13,0.00957489]
[2957.34,4558.96,-0.0162659]
[2869.98,5079.28,-0.0183868]
[2875.53,5088.39,0.00985909]
[2903.23,5049.02,-0.00655365]
[2978.05,4569.26,0.0320263]
[2911.43,5048.16,0.00595856]
[2988.6,4568.85,0.0158882]
[2923.43,5028.92,-0.0079422]
[2927.05,5026.8,-0.00940704]
[2995.35,4695.18,-0.00242996]
[2995.68,4700.3,0.0085125]
[2995.49,4564.24,-0.00508308]
[2986.8,4904.79,-0.0108624]
[2993.48,4886.94,-0.0159893]
[2956.44,5016.88,-0.02001]
[3017.75,4575.87,0.00211334]
[2988.9,4914.71,-0.0120106]
[3018.08,4737.84,0.00109673]
[2996.85,4885.41,-0.000902176]
[2995.21,4898.44,-0.0062294]
[3016.94,4771.04,-0.017889]
[3023.34,4665.4,-0.00111961]
[3021.42,4739.99,0.00457573]
[3010.04,4835.72,-0.00916672]
[2993.45,4916.79,-0.0122147]
[2966.51,5008.49,0.0106754]
[3008.8,4847.16,-0.00814438]
[3017.25,4793.19,0.0288372]
[3019.56,4774.96,0.0033474]
[2986.37,4947.54,0.00174141]
[2974.67,4987.55,-0.0114136]
[3019.9,4777.66,0.0122356]
[2986.61,4950.91,-0.000101089]
[2991.58,4933.52,-0.0129662]
[3025.31,4730.66,0.000959396]
[3028.13,4650.26,0.000846863]
[3027.37,4609.95,-0.00283051]
[3028.17,4640.6,-0.00127792]
[3014.43,4827.93,-0.0113201]
[3029.41,4634.96,-0.00337791]
[3029.68,4680.75,-0.00264931]
[3019.57,4807.9,0.00211143]
[3024.83,4766.54,0.00114632]
[3029.99,4606.28,-0.00389671]
[3028.37,4728.99,0.00777245]
[3028.41,4575.94,-0.00892067]
[3030.64,4617.12,-0.000267029]
[2979.18,4987.92,-0.00913048]
[3030.09,4707.75,0.003088]
[3017.94,4827.17,-0.010397]
[3024.74,4778.21,0.00359726]
[3029,4573.05,-0.00892067]
[3032.45,4636.35,-0.00162315]
[2988.28,4962.62,-0.0150356]
[3027.48,4763.98,0.00359726]
[3023.74,4799.09,-0.000101089]
[2982.48,4986.92,-0.0134754]
[3034.53,4632.47,-0.00365067]
[2993.2,4953.71,-0.0157452]
[3025.22,4804.53,0.00576591]
[3026.45,4801.98,-0.00354385]
[3036.19,4583.84,0.00211716]
[3039.12,4592.74,-0.0028553]
[3050.34,4585.7,-0.000165939]
[3074.19,4599.88,0.0194283]
[3080.95,4596.74,0.0113335]
[3103.13,4606.44,0.0244293]
[3113.44,4616.8,0.0376148]
[3120.36,4610.95,-0.000444412]
[3122.82,4623.16,0.0232601]
[3135.74,4620.12,-0.00279617]
[3148.19,4635.07,0.00862312]
[3162.42,4638.94,-0.00905228]
[3163.8,4642.29,-0.000513077]
[3165.72,4654.14,0.0134144]
[3176.98,4649.96,-0.00624084]
[3178.09,4663.47,0.0192261]
[3184.29,4657.42,-0.00169373]
[3205.15,4667.82,-0.00112343]
[3208.42,4665.97,-0.00153542]
[3226.24,4666.34,-0.0120106]
[3241.51,4348.7,0.00660896]
[3247.34,4368.97,-0.000703812]
[3240.39,4332.97,0.00117874]
[3186.36,5147.11,-0.0190258]
[3243.57,4333.12,0.0021143]
[3190.33,5142.77,-0.0249424]
[3258.41,4389.6,-0.00449467]
[3193.26,5144.51,-0.0116825]
[3265.76,4417.23,0.00999355]
[3286.84,4670.43,0.0134144]
[3246.87,4322.87,-0.0104246]
[3177.41,4116.65,-0.027936]
[3249.91,4334.09,-0.00269127]
[3264.89,4399.24,-0.00877094]
[3249.96,4330.13,0.000738144]
[3180.88,4117.09,0.0287619]
[3291.24,4661.56,-0.00341797]
[3229.94,4246.57,0.000779152]
[3198.11,5150.16,0.0132294]
[3268.45,4398.92,-0.0123568]
[3200.39,5146.99,0.0058403]
[3167.74,4081.98,0.0527849]
[3239.36,4273.9,-0.00269127]
[3182.03,4112.7,0.0133562]
[3206.31,5139.56,-0.0140705]
[3193.41,4130.07,0.0347929]
[3196.56,4133.01,0.0274706]
[3299.27,4666.11,0.00627136]
[3182.53,4097.65,-0.00494289]
[3283.56,4430.22,-0.00452709]
[3241.76,4251,-0.0169735]
[3302.81,4658.91,-0.0126591]
[3182.14,4089.8,-0.00719643]
[3286.61,4441.7,0.0178318]
[3285.47,4433.6,0.00440788]
[3211.4,4155.99,0.00537205]
[3286.43,4430.93,-0.0113258]
[3218.52,5131.84,-0.0299435]
[3225.15,4187.88,0.00671196]
[3214.45,4155.33,0.0259428]
[3212.38,4149.99,0.00639915]
[3172.12,4055.9,-0.0105267]
[3242.65,4232.31,0.0593185]
[3294.19,4452.21,0.0199022]
[3215.39,4152,0.00844002]
[3160.04,4026.96,0.0582218]
[3310.41,4667.21,0.0185261]
[3240.49,4218.8,0.0365753]
[3240.11,4215.95,0.0596485]
[3239.53,4212.43,-0.0039978]
[3159.87,4022.38,-0.0501223]
[3238.95,4206.06,-0.00290298]
[3226.75,5135.67,0.00147057]
[3299.29,4453.32,0.017211]
[3299.66,4445.92,-0.0077343]
[3315.43,4665.93,0.0170345]
[3309.88,4482.51,0.00156116]
[3323.07,4655.15,-0.0154991]
[3165.42,4003.92,-0.0129414]
[3168.73,4008.64,-0.0119972]
[3169.41,4005.92,-0.0126476]
[3320.47,4492.44,-0.00470257]
[3169.18,4000.36,-0.012825]
[3324.37,4514.51,0.0107651]
[3323.39,4499.64,-0.00413227]
[3334.37,4648.78,-0.0142193]
[3336.11,4655.69,-0.00503349]
[3331.02,4521.79,0.00167274]
[3330.78,4517.17,-0.00527763]
[3169.19,3984.72,-0.0132198]
[3168.91,3979.18,-0.0145845]
[3265.42,5116.63,0.0181885]
[3264.07,5121.24,0.0291061]
[3344.1,4653.38,0.00700378]
[3341.62,4559.28,0.00402737]
[3341.64,4540.06,-0.0171003]
[3273.99,5107.9,-0.0165272]
[3174.51,3969.42,-0.0114069]
[3166.37,3953.91,-0.00891018]
[3274.79,5115.11,0.00963974]
[3166.75,3950.54,-0.00796986]
[3354.15,4641.96,-0.0135822]
[3275.32,5120.44,0.00212479]
[3350.46,4547.92,-0.0122547]
[3352.9,4566.83,0.00704098]
[3283.61,5108.43,0.00325394]
[3291.85,5101.42,-0.00670433]
[3365.35,4643.94,0.000781059]
[3364.31,4567.63,-0.00831032]
[3167.58,3920.97,0.00222397]
[3294.23,5111.42,0.0018692]
[3305.18,5094.33,-0.0134106]
[3376.42,4636.94,-0.00814342]
[3378.44,4640.87,0.0307407]
[3379.83,4637.05,-0.00406933]
[3381.53,4640.01,0.0177059]
[3384.31,4588.98,0.0133476]
[3318.4,5092.56,0.00740051]
[3387.33,4590.01,0.0168161]
[3390.8,4587.86,-0.0046339]
[3392.38,4590.96,-0.00136089]
[3330.72,5090.35,0.0160713]
[3397.28,4601.93,0.00591564]
[3399.28,4590.85,-0.0102453]
[3335.18,5089.42,0.00526428]
[3340.81,5078.91,-0.00264359]
[3342.08,5086.73,0.0001297]
[3406.17,4593.75,-0.0132551]
[3344.42,5081.04,0.0200233]
[3344.42,5084.04,0.00592804]
[3409.45,4603.67,-0.0206776]
[3183.3,3860.3,-9.63211e-005]
[3360.12,5061.4,-0.00340652]
[3385.6,4338.78,0]
[3424.34,4644.92,-0.007658]
[3182.86,3836.67,0.00097084]
[3426.42,4628.89,-0.0190144]


"INSRXN - IED positions - Central"
[4142.38,3576.05,0.0228405]
[4088.96,3574.3,0.000951767]
[4203.33,3541.47,-0.0151176]
[4216.9,3538.06,-0.000183105]
[4071.39,3584.98,0.00238037]
[4225.53,3526.67,-0.0185547]
[4226.46,3523.88,-0.0212784]
[4240.78,3516.74,-0.0194359]
[4258.53,3513.76,0.0034256]
[4091.52,3716.96,0.0186558]
[4096.23,3725.03,0.0188274]
[4028.95,3677.16,-0.00513649]
[4300.22,3448.33,0.0155201]
[4141.43,3798.62,0.0014019]
[4315.46,3438.98,0.00190353]
[4316.54,3432.4,0.0170822]
[4159.71,3820.95,-0.00523567]
[3986.04,3431.16,-0.03092]
[4326.35,3431.98,0.00696754]
[4330.44,3428.98,0.00180817]
[4349.32,3449.96,0.00606918]
[4363.14,3466.26,0.00338173]
[4402.42,3544.74,0.0210686]
[4401.43,3527.89,-0.0083828]
[4343.62,3420.87,-0.00112534]
[4348.92,3421.24,-0.00602913]
[4314.37,3384.36,-0.00779533]
[3987.94,3388.66,0.0106144]
[4306.75,3368.19,0.00451088]
[3898.78,3692.47,0.00180435]
[3897.68,3696.12,0.090086]
[4234.24,3859.51,-0.00992203]
[4144.58,3873.97,0.0173378]
[4002.78,3354.16,0.00739861]
[4378.36,3419.01,0.0152397]
[4017.72,3340.92,0.0212555]
[4133.14,3882.6,0.00332642]
[4194.37,3889.6,5.72205e-005]
[4428.61,3730.9,-0.00389099]
[4302.13,3310.17,-0.00329399]
[4225.43,3907.02,0.00947189]
[4228.36,3908,0.0277691]
[4420.09,3791.18,0.00372314]
[4199.69,3921.77,0.0137768]
[4214.29,3919.45,-0.00688553]
[4099.45,3921,-0.00206375]
[4019.69,3285.41,-0.00320625]
[4088.05,3929.57,0.0211678]
[4293.79,3277.48,-0.00247002]
[4178.82,3941.95,0.0113831]
[4224.57,3936.07,-0.0021553]
[4162.18,3946.83,0.0243015]
[4425.43,3822.35,-0.00489998]
[4303.48,3264.96,-0.0143204]
[4378.95,3880.36,0.00336266]
[3826.42,3758.54,-0.0133419]
[4332.25,3914.64,0.0116405]
[4237.98,3951.42,-0.00824356]
[4227.31,3953.98,0.0102444]
[4296.36,3932.93,-0.00715256]
[4473.41,3399.92,-0.0117073]
[4424.57,3852.5,-0.00028038]
[4324.08,3950.82,-0.000106812]
[4330.79,3955.84,-0.0126534]
[4331.54,3962.35,-0.00135803]
[4384.37,3932.96,-0.000993729]
[4014.87,3181.39,-0.000793457]
[4236.26,4019.65,-0.00625229]
[3780.66,3816.41,0.0174255]
[4007.22,3174.59,0.00262642]
[4127.56,4037.69,0.000139236]
[3954.38,3992.94,-0.00734329]
[3775.99,3833.67,0.23646]
[3956.77,3995.67,-0.00255013]
[4123.74,4043.6,0.00146675]
[3758.13,3370.02,0.0691853]
[4282.41,3155.87,-0.0014267]
[4194.14,4054.29,0.023922]
[3755.04,3832.03,0.0378342]
[4290,4046.95,-0.00934029]
[3920.01,4005.28,-0.00284004]
[3890.4,3191.78,0.00211143]
[3873.9,3200.9,0.00529861]
[3733.46,3830.88,0.0187073]
[4062.45,4071.49,-0.00100708]
[4372.69,4028.8,0.00266075]
[3939.24,3152.32,-0.00782585]
[4507.2,3934.22,-0.0109062]
[3775.61,3905.64,0.0633049]
[4433.35,3996.95,-0.00218582]
[3969.01,3136.04,0.0026207]
[3761.93,3892.31,0.0744648]
[4138.02,4087.27,0.00177956]
[3722.38,3838.1,0.0509911]
[4175.92,4090.14,0.00398445]
[4008.76,4068.91,-0.00340652]
[4296.25,3114.43,-0.00248337]
[4401.98,4028.64,0.0349236]
[4376.37,4042.99,0.00868225]
[3715.31,3837.08,0.0484486]
[3708.99,3827.67,-0.000448227]
[3652.48,3640.54,-0.0149689]
[4313.41,3114.03,0.0171814]
[3655.47,3678.87,-0.0221081]
[4482.49,3979.03,0.0194454]
[3664.06,3725.53,-0.032299]
[3665.15,3732.95,-0.0278072]
[3678.93,3776.41,-0.0131969]
[4194.08,4103.36,0.00143623]
[4018.55,4087.37,0.00266457]
[4061.94,4099.39,0.0057869]
[3746.73,3277.31,0.0255337]
[4287.02,4095.06,0.0107594]
[3826.64,3997.36,0.0164795]
[3679.62,3807.1,-0.0184517]
[3856.23,4021.36,0.000875473]
[4313.15,4090.47,0.0158672]
[3818.16,3994.94,-0.00112343]
[3626.04,3587.25,-0.00833607]
[3672.11,3809.1,-0.0210018]
[3957.45,4088.45,0.00695229]
[3611.33,3565.84,0.0289917]
[3925.39,4088.98,0.00360107]
[3928.25,4091.18,0.00639915]
[4252.23,3052.02,-0.00123119]
[3882.54,4070.35,0.00146484]
[3856.94,4061.18,-0.00626564]
[3869.02,4069.81,-0.00115967]
[4007.03,4134.29,0.00525856]
[4256.18,3036.33,0.00562096]
[4635.37,3890.72,-0.00599098]
[4084.44,4158.17,0.0133553]
[4594.31,3961.94,0.00190926]
[4360.4,4128.95,-0.00414085]
[3863.08,4088.14,-0.00257683]
[4298.49,4151.3,-0.0147591]
[4455.4,4089.03,0.0246277]
[3906.07,4120.25,0.00167847]
[3681.96,3249.85,0.0222263]
[4668.63,3870.33,0.00323486]
[4554.09,4020.39,0.00967789]
[4573.9,4004.48,0.00631142]
[3801.3,4075.47,0.00527]
[3562.95,3495.26,-0.00838375]
[4188.17,4192.12,-0.000761032]
[4246,2998.59,-0.0121298]
[4700.69,3847.75,-0.000738144]
[4251.43,2997.38,-0.0144749]
[3932.51,4168.01,0.000642776]
[3549.43,3462.44,-0.0117044]
[3955.47,3004.97,0.000453949]
[3990.6,4195.48,0.00522232]
[3662.75,3200.17,-0.00696468]
[4148.35,4222.15,0.000289917]
[3832.24,4134.01,-0.00167274]
[4748.55,3802.5,0.0034256]
[4356.4,4189.97,-0.000738144]
[4768.05,3746.79,-0.0070343]
[4036.72,4221.58,-0.000871658]
[4263.57,4223.24,0.00284004]
[4692.74,3938.8,-0.00616074]
[4247.33,2957.57,-0.0136051]
[4062.16,4228.62,-0.000242233]
[4238.8,2954.81,0.00576305]
[4270.43,4227.32,0.0034256]
[4709.13,3923.77,-0.00946999]
[4034.38,4229.07,0.0328293]
[3810.41,4142.07,0.0378933]
[3969.32,4216.42,0.0010891]
[4705.41,3940.01,0.0104733]
[3882.68,4187.81,-0.00134277]
[4801.66,3688.41,-0.0246906]
[3962.2,2964.5,-0.00823975]
[3497.46,3624.45,0]
[4219.86,2937.45,-0.0151548]
[4798.99,3455.78,0.0319872]
[4733.97,3908.25,0.00129318]
[4809.73,3685.67,-0.0143518]
[4233.44,4255.67,0.00323868]
[4362.86,4227.65,0.00342751]
[4358.35,4230.04,0.0348454]
[4812.56,3468.45,-0.00536537]
[4297.44,4248.66,-0.000514984]
[4728.19,3944.58,-0.00766945]
[4828.45,3652.51,-0.0203323]
[3642.38,3147.95,-0.00496864]
[3643.72,3144.66,-0.0049696]
[3913.02,4227.99,0.023572]
[4412.1,4224.02,-0.000711441]
[4188.39,4274.2,0.00170708]
[4190.87,2908.34,-0.00658703]
[3497.63,3800.84,0]
[4168.51,2903.39,-0.00167751]
[4447.37,4216.87,-0.0185165]
[4783.82,3881.52,0.00124741]
[3651.99,4071.22,0.000650406]
[4851.67,3593.34,0.0201521]
[3492.6,3820.5,0]
[3948.81,2921.69,-0.00764084]
[4821.9,3376.56,0.00372028]
[3486.6,3823.85,0]
[4123.44,4299.37,-0.0121403]
[4062.91,4294.65,0.00718307]
[4472.45,4229.39,-0.00142479]
[4124.8,4304.46,-0.00255966]
[3487.18,3843.99,0]
[3626.12,4071.81,-0.00789452]
[4250.4,4302.1,0.0447121]
[3776.38,4201.1,0.0473995]
[4355.48,4284.97,-0.00339127]
[4825.97,3855.37,0.0207157]
[3496.64,3892.34,0]
[4336.64,4294.82,-0.000865936]
[4082.37,4316.86,0.0158615]
[4332.59,4299.27,0.0095253]
[4841.28,3841.24,0.00187111]
[3613.37,3099.74,-0.0105667]
[4755.51,4011.98,0.00462341]
[4345.42,4301.99,0.00586319]
[3745.72,4204.21,0.0306034]
[3416.83,3704.41,0]
[3409.78,3651.92,0]
[4410.86,4294.75,0.00782394]
[3406.11,3620.27,0]
[4298.9,4330.55,-0.00265312]
[4841.81,3283.05,0.0998163]
[3803.1,4260.82,-0.00218391]
[3529.93,4016.96,0]
[4656.43,4156.78,-0.00622177]
[4346.32,4324.98,0.0120544]
[3397.04,3593.76,0]
[3989.17,4332.03,0.00318718]
[3975.66,4329.71,-0.0109348]
[3392.84,3660.14,0]
[4430.45,4306.6,-0.00289917]
[4845.12,3262.21,0.00411034]
[3412.58,3783.71,0]
[4833.09,3235.8,0.112616]
[3412.37,3791.24,0]
[3839.53,4294.64,0.00284386]
[3949.96,4334.48,0.0079937]
[3530.61,4046.04,0]
[3507.39,4015.46,0]
[4356.06,4339.87,0.0032196]
[3946.98,2846.24,-0.0109053]
[3935.72,2846.47,-0.00140953]
[4053.68,4366.85,-0.00621414]
[4655.99,4192.4,5.53131e-005]
[4436.47,4324.93,-0.0111084]
[4913.37,3793.6,-0.0132322]
[4104.82,2804.11,-0.00203228]
[3933.97,2832.98,0.00712967]
[3510.4,4052.92,0]
[4066.59,4379.62,-0.028801]
[3920.41,4356.96,0.00286102]
[3393.06,3837.29,0]
[4602.91,4256.94,0.00650215]
[3405.9,3883.9,-0.35]
[3413.97,3904.9,0]
[3494.14,4051.16,0]
[4063.49,4393,-0.031311]
[3763.9,4303.33,0.00663662]
[3550.22,3047.18,0.0042038]
[3392.78,3885.21,0]
[3757.36,4308.34,0.0105963]
[3792.41,4326.98,0.00109768]
[3789.33,4327.45,0.00404263]
[3877.71,4367.71,-0.0187798]
[4069.53,2773.76,-0.0054388]
[3888.95,4372.8,0.0247841]
[3397.74,3935.01,0]
[4774.33,4150.98,0.00782204]
[4777.77,4149.96,0.000961304]
[3517.23,4137.26,0]
[4400.93,4396.81,0.00930023]
[4476.48,4369.83,-0.0039196]
[3408.55,3985.07,0]
[4470.21,4375.72,0.00390244]
[4396.57,4402.4,0.037344]
[4782.51,4159.21,-0.0028553]
[4408.44,4400.09,0.0156364]
[4488.42,4370.99,0.00586319]
[4391.96,4407.16,0.0183315]
[4353.61,4417.46,0.00909615]
[3517.81,3029.33,0.00640392]
[4294.59,4431.28,-0.00177193]
[4361.57,4417.86,0.00959396]
[3532.66,4176.71,0]
[4028.52,2749.01,-0.000267029]
[3453.85,4081.3,0]
[4363.43,4420.96,0.00577545]
[3888.42,2779.05,-0.000600815]
[3450.39,4079.97,0]
[4293.91,4438.79,0.000595093]
[3599.79,2938.34,0.0251179]
[3486.76,4138.83,0]
[4355.81,4434.86,0.0052948]
[4072.38,4458.11,-0.0325966]
[3513.61,4181.69,0]
[3619.7,2904.08,-0.00790215]
[3821.78,4400.74,-0.00127792]
[4071.45,4462.55,-0.0298843]
[3638.82,2885.77,-0.00189209]
[4466.35,4409.93,0.00460815]
[3433.11,4091.84,-0.344999]
[3412.44,4060.66,0]
[4281.09,4470.27,0.0134048]
[3664.66,2842.76,-0.00163078]
[4462.37,4441.99,0.00379181]
[3680.53,2820.37,0.00292492]
[3943.32,2711.18,0.0158091]
[3470.84,2995.99,0.00516987]
[3809.64,4434.77,0.00102901]
[3411.92,4125.03,0]
[4728.66,4311.3,0.00158119]
[3684.47,2799.96,-0.010911]
[3681.28,2798.92,0.000271797]
[4743.84,4305.99,0.0186691]
[4469.76,4471.95,0.00164795]
[4923.85,3060.97,0.0189877]
[4763.36,4302.56,0.036293]
[3453.61,2971.74,-0.00561619]
[3712.95,2761.69,0.00610542]
[4776.75,4299.66,0.0120773]
[3891.88,2687.53,-0.00789928]
[4912.22,3031.43,0.179499]
[3387.31,4142.13,0]
[4473.49,4481.56,0.000102997]
[3494.01,4270.27,0.00499916]
[4707.57,4360.41,-0.0178757]
[3408.43,4176.31,0]
[4229.33,4538.17,-0.00135994]
[4925.24,3039.75,-0.0111694]
[3773.7,4463.17,-0.00767231]
[4906.58,3004.98,0.0665016]
[3613.59,4381.58,0.0392084]
[3491.73,4284.49,0]
[4056.74,4550.17,0.00986099]
[4217.85,4558.83,0.00176334]
[3395.38,4197.89,0]
[4827.4,4291.99,0.005373]
[4475.63,4508.63,0.0143089]
[3635.85,4414.76,0.0263605]
[3666.96,4439.13,-0.0159092]
[3393.92,4206.22,0]
[4475.33,4518,0.0160522]
[3708.81,4471.17,0.0184851]
[3755.58,4493.93,0.0170126]
[3485.47,4320.65,0]
[4035.52,4576.56,0.0305977]
[3686.37,4466.78,-0.0222015]
[3405.14,4242.91,0]
[3191.56,3838.32,0.00395679]
[3180.74,3792.49,-0.00624371]
[3632.93,2739.17,0.00187111]
[4026.36,4585.92,0.0204964]
[3165.45,3751.96,-0.00292492]
[4692.87,4437.14,-0.0272579]
[4057.26,4591.34,0.071991]
[4905.87,2926.48,0.0109425]
[3161.8,3751.74,0.00218391]
[3478.39,4338.97,0]
[3475.24,4339.3,0]
[3467.33,4337.71,0]
[4080.21,4606.1,0.09338]
[4928.3,4252.56,0.00448227]
[4910.9,2912.04,-0.0071106]
[3416.61,4296.74,0]
[3178.19,3891.73,-0.00115871]
[3983.59,4606.47,-0.0146027]
[3603.3,2722.1,-0.0168352]
[4197.16,4624.6,0.00314617]
[3121.07,3653.23,0.0194998]
[4195.4,4627.98,0.00410748]
[4105.6,4629.51,0.0733414]
[3982.97,4618.18,0.0476685]
[3972.81,4616.74,-0.0128288]
[3940.39,4611.3,0.000465393]
[3367.88,2908.25,0.00220776]
[4116.56,4636.85,0.0874939]
[3653.3,4509.95,0.00540352]
[3412.39,4331.86,0]
[3929.43,4616.78,0.0178795]
[4721.72,4476.77,0.00759315]
[3165.22,3953.05,-0.0116844]
[3358.16,2903.29,-0.00636101]
[3926.78,4620.91,0.0320587]
[3915.56,4620.3,0.0174179]
[3564.5,2711.58,-0.00937557]
[3642.54,4523.22,0.00963879]
[3086.68,3535.22,-0.00375748]
[3169.06,4021.39,-0.0132256]
[3627.84,4530.44,-0.00340557]
[3075.13,3534,-0.0179729]
[3624.68,4536.57,0.0122442]
[4946.96,2846.19,0.00586319]
[3192.88,4118.83,0.00570774]
[3233.71,4196.92,0.00569439]
[3052.39,3580.47,-0.00434589]
[3203.72,4150.2,0.0376091]
[3826.68,4649.2,0.0427322]
[4166.72,4699.43,0.0181828]
[3294.6,2895.34,0.0190611]
[3601.88,4552.35,0.0163136]
[4788.65,4526.49,-0.000926971]
[3240.03,4255.46,-0.00255966]
[3034.96,3416.22,0.0156975]
[3233.62,4266.52,0.00314331]
[3264.69,2874.86,-0.0120039]
[4139.55,4738.21,0.00109577]
[3483.42,2660.7,-0.0100622]
[3548.45,4570.16,-0.00243473]
[3240.86,4293.72,-0.00513458]
[4825.09,4534,0.00582314]
[3468.74,2660.88,0.0138865]
[4825.68,4539.71,-0.0026207]
[3244.22,4315.52,-0.0051918]
[4140.09,4755.62,-0.00285435]
[3242.95,2862.92,-0.00572777]
[3526.79,4578.12,0.0152178]
[3239.35,2862.01,0.0161428]
[4995.26,2753.85,0.0400333]
[4998.37,2756.05,0.0301189]
[3212.88,2845.87,0.0261698]
[3476.95,4587.75,-0.00905323]
[3305.05,4446.42,-0.0113745]
[3303.31,4453.35,-0.00115776]
[2955.73,3388.46,0.0151501]
[2947.88,3388.16,-0.00343132]
[2944.48,3395.69,-0.0288029]
[3453.18,4598.95,-0.00391579]
[2942.52,3381.07,-0.0108528]
[3185.01,2822.43,-0.00243568]
[3324.42,4516.04,0.00663662]
[5016.91,2697.44,0.0160503]
[3442.56,4613.04,-0.00402355]
[3427.8,4613.02,0.00462627]
[3362.22,4564.11,-0.0142794]
[3372.38,4579.03,0.0208731]
[4904.25,4608.25,-0.00105667]
[3387.39,4596.73,-0.0180216]
[3157.49,2809.38,0.00964165]
[4139.41,4873.27,0.000217438]
[3354.12,2585.75,-0.00493908]
[3349.01,2582.59,-0.00891399]
[3381.42,4627.87,-0.0218191]
[3380.67,4636.06,-0.000348091]
[3330.58,2572.57,0.0176039]
[3365.82,4649.8,0.00570679]
[5062.4,2628.62,0.00861549]
[5061.78,2621.56,0.00185776]
[3315.39,2557.29,0.00210857]
[3061.95,2770.66,0.0318122]
[3061.64,2761.4,0.00073576]
[5078.64,2567.89,0.00645638]
[4327.11,2219.88,-0.00755119]
[3910.32,2228.02,0.0243816]
[4366.54,2220.19,0.0151405]
[3964.38,2215.95,0.0157347]
[3038.89,2755.76,0.0206008]
[3965.49,2210.45,0.0235796]
[2821.43,3164.81,-0.0290813]
[3862.75,2214.66,0.112463]
[4287.33,2189.7,-0.00403976]
[2788.55,3242.01,-0.00403309]
[2805.02,3180.79,0.00281715]
[2787.21,3218.97,-0.0157833]
[3463.98,4832.6,-0.0141983]
[3228.98,4672.71,-0.00789261]
[2771.15,3233.59,0.000116348]
[3680.03,2244.07,0.103861]
[4429.82,2189.83,0.00961876]
[3720.11,2229.57,0.0168505]
[3217.45,4675.05,0.00844002]
[4154.36,2157.98,0.00566292]
[4151.62,2154.91,-0.00756454]
[3677.6,2235.93,-0.0083952]
[3749.81,2212.25,-0.00147152]
[3573.1,2275.81,0.00271225]
[4082.36,5030.69,-0.00356483]
[3463.01,4857.08,-0.0157433]
[3518.55,2299.15,0.0195103]
[5085.99,2492.33,0.00689316]
[3240.76,2472.26,-0.00377178]
[3457.51,4862.73,-0.0118427]
[5086.59,2483.76,0.00691032]
[3120.47,4608.32,-0.00117493]
[3137.53,4627.24,0.00537109]
[5094.84,2487.83,0.00237656]
[3503.91,2294.07,0.00228596]
[4107.06,2134.88,-0.00326538]
[3481.07,2298.02,0.0101948]
[4484.9,2165.68,0.0180111]
[3548.62,4929.44,-0.0132256]
[3457.52,2299.68,0.000412941]
[4066.07,2121.03,0.0537262]
[3428.29,2299.63,0.0068841]
[3045.05,4590.28,0.0227337]
[4523.34,2144.59,0.0069828]


"INSRXN - IED positions - North"
[3922.03,5979.37,0.0288582]
[3914.35,5979.04,0.0279007]
[3957.77,5991.66,-0.00407028]
[3908.26,5968.72,-0.00218201]
[3906.38,5965.95,-0.00624084]
[3952.58,5997.03,0.0156746]
[3953.33,5999.98,0.0108681]
[3896.39,5951.03,0.031601]
[3903.21,5926.56,0.0322723]
[3970.67,6003.75,-0.00515366]
[3968.44,6006.95,-0.00731277]
[3962.1,6011.48,0.0194244]
[3890.69,5981.03,0.0137863]
[3882.1,5980.95,0.0126686]
[3912.16,5896.82,0.0240059]
[3870.88,6003.89,0.00906181]
[3871.76,6016.56,0.007164]
[3988.17,6051.96,0.0080452]
[3864.74,6035.36,0.000272751]
[3999.18,6055.4,-0.0101891]
[4006.87,6066.11,0.00439835]
[4003.38,6070.99,0.0083313]
[4006.92,6074.46,0.00486755]
[4010.96,6080.7,0.00945663]
[3937.29,5810.7,0.0301285]
[4012.16,6088.36,0.00767708]
[4018.19,6088.97,0.0116997]
[3953.76,5796.11,0.0259323]
[3939.79,5792.79,0.0299225]
[3949.23,5785.14,0.0246468]
[3963.05,5751.91,0.0242653]
[3965.59,5740.8,0.0140495]
[3966.97,5732.65,0.00707626]
[3824.92,6179.77,0.0169296]
[4165.17,5804.44,0.0245247]
[4139.97,5759.8,0.00325012]
[4132.33,5748.17,0.00468445]
[4120.72,5737.76,0.0134087]
[4137.59,5751.11,0.00043869]
[4119.36,5734.29,0.0278893]
[4119.33,5730.98,0.00839615]
[4202.97,5832.85,0.0130463]
[4047.47,5688.78,0.0151367]
[4138.43,5743.94,-0.0107498]
[4212.17,5844.97,0.0073967]
[4043.93,5683.13,-0.00209427]
[4211.86,5839.54,0.00559616]
[4211.63,5836.43,0.00826263]
[4012.48,5667.6,6.86646e-005]
[3807.69,6232.06,0.00536346]
[4251.19,5931.84,0.0223656]
[4238.4,5865.4,0.00878906]
[4249.32,5905.37,0.0228157]
[4250.42,5911.42,0.0181961]
[3809.77,6239.69,0.00286102]
[4255.4,5934.11,0.0216866]
[4256.23,5977.7,0.0286369]
[4256.95,5943.07,0.0278206]
[3998.48,5647.91,-0.0154228]
[3987.88,5644.92,-0.0142212]
[4258.96,5985.17,0.0218658]
[3802.12,6256.33,0.00467873]
[4280.71,6029.8,0.00576782]
[4283.69,6026.05,0.0213356]
[4283.55,6040.95,0.02425]
[3796.16,6277.3,0.0182304]
[4291.3,6056.5,0.0195694]
[3784.13,6288.19,0.00305748]
[3787.6,6292.27,0.0040741]
[3780.35,6289.95,-0.00169945]
[4009.48,5590.01,-0.0196571]
[3784.67,6299.71,0.00302505]
[4308.66,6085.7,0.00431633]
[3782.95,6310.8,0.00432014]
[3774.94,6320.87,0.00211334]
[4324.46,6095.14,-0.014225]
[4016.6,5557.97,-0.0215263]
[4022.22,5548.17,-0.0228806]
[4026.57,5536.6,-0.023983]
[4343.66,6117.63,0.00832939]
[4355.93,6123.97,-0.000127792]
[4030.91,5514.73,-0.0249634]
[4368.02,6131.63,0.0402794]
[4037.81,5504.54,-0.0251389]
[4389.08,6139.82,0.0106449]
[4398.91,6139.75,0.0042038]
[4045.34,5465.41,-0.0238934]
[4415.01,6134.65,-0.00892067]
[4051.82,5464.68,-0.0263958]
[4422.76,6134.06,-0.00989914]
[4057.95,5436.16,-0.0155239]
[4054.73,5430.55,-0.0151577]
[3724.78,6462.21,0.00267029]
[4058.73,5405.64,-0.004282]
[4066.89,5399.92,-0.00269318]
[3724.95,6493.78,0.0031414]
[4066.43,5381.14,-0.00671768]
[4524.91,6134.87,-0.01507]
[3711.14,6536.94,0.00563431]
[4075.63,5343.09,-0.00115395]
[4080.07,5341.95,-0.00167465]
[4551.46,6140.59,0.00483513]
[4565.61,6138.95,-0.00255966]
[3694.58,6565.21,-0.00421333]
[3697.42,6566.97,-0.000564575]
[4096.48,5296.68,-0.0050354]
[4102.13,5288.15,-0.00814438]
[4622.23,6135.62,-0.00990105]
[3685.01,6610.76,-0.00153351]
[4099.99,5263.12,-0.0130177]
[4100.4,5259.91,-0.0138569]
[3674.45,6624.12,-0.00197411]
[3669.46,6649.54,-0.000516891]
[4106.39,5209.68,-0.023262]
[4094.95,5202.45,-0.0187473]
[4095.65,5194.7,-0.0208282]
[4084.19,5180.05,-0.0215206]
[3658.29,6694.9,-0.000349045]
[4086.21,5170.58,-0.0257072]
[3652.59,6703.53,0.00376701]
[4724.09,6142.86,0.00513458]
[3640.19,6706.25,0.00211334]
[3903.76,5148.27,-0.0317154]
[3957.22,5144.4,-0.049448]
[3935.29,5144.14,0.004879]
[4077.6,5153.74,-0.0231476]
[3881.73,5143.38,-0.00285339]
[3947.12,5140.04,0.00551605]
[3919.48,5138.93,-0.00969315]
[3907.04,5136.15,-0.0186806]
[3924.56,5135.54,-0.0205536]
[3828.43,5142.83,-0.0273705]
[3941.69,5134.2,-0.0231476]
[3643.41,6724.62,-0.00242424]
[4749.15,6148.88,0.00432968]
[4041.74,5133.92,-0.00971413]
[3802.71,5139.43,-0.0324821]
[4757.83,6146.67,0.010973]
[4051.73,5126.44,-0.0252914]
[3763.49,5138.26,0.0175247]
[4073.19,5128.75,-0.0182266]
[3641.26,6744.14,0.000530243]
[4769.34,6138.57,-0.00661469]
[4774.54,6135.99,-0.0182514]
[4075.02,5115.72,-0.0104294]
[3638.9,6758.13,0.000846863]
[3748.07,5122.99,-0.00989914]
[4780.4,6148.11,-0.000179291]
[3631.11,6771.68,0.000598907]
[3633.42,6774.96,-0.00162125]
[3716.06,5102.69,-0.00341415]
[4816.05,6145.68,-0.00462914]
[3706.59,5096.93,-0.00661469]
[4082.37,5072.92,-0.00930786]
[3624.53,6796.48,-0.00200272]
[3679.43,5099.91,0.0129623]
[4822.96,6150.73,0.0155983]
[4076.36,5066.97,0.00205994]
[4075.91,5064.2,-0.000659943]
[4082.34,5051.28,0.00366592]
[3623.85,6820.23,-0.000419617]
[3628.72,6823.04,-0.00268936]
[4847.35,6137.84,-0.00311661]
[4087.92,5044.45,0.0123901]
[4851.76,6147.28,-0.00650215]
[4079.27,5036.11,-0.000728607]
[4082.38,5035.96,-0.00200462]
[4090.68,5036.92,0.0128593]
[3631.42,6839.96,-0.00268936]
[3634.63,6841.18,-0.00391769]
[3624.38,6837.95,-0.00311852]
[3621.61,6840.33,-9.91821e-005]
[3615.06,5069.88,-0.0143814]
[3631.92,6857.65,-0.00141907]
[4091.3,5012.68,-0.00247002]
[3632.1,6870.22,-0.00111961]
[3587.32,5059.41,0.0145187]
[3622.8,6878.62,0]
[3575.34,5042.63,-0.00364685]
[4915,6136.76,-0.0122719]
[4917.4,6145.72,-0.00390053]
[4915.72,6154.87,-0.000867844]
[4909.4,6192,0.00341034]
[3614.14,6898.01,0.00356483]
[4913.39,6188.64,-0.000513077]
[4923.74,6146.42,0.00028801]
[4918.31,6198.98,-0.00142479]
[3568.06,5021.73,-0.0185204]
[3563.27,5023.35,-0.00596046]
[4918.99,6220.67,-0.00280571]
[3559.6,5021.3,0.00505829]
[4116.02,4958.56,0.00200081]
[4925.84,6225.8,-0.00255966]
[3593.58,6915.7,-0.00135803]
[4947.17,6142.83,0.00469017]
[4948.42,6139.93,-0.0109539]
[3559.85,5008.56,-0.0224667]
[3583.73,6922.96,-0.00527954]
[4114.95,4939.26,-0.0145626]
[3588.65,6928.33,0.00434685]
[4939.41,6256.94,-0.00168991]
[3579.78,6937.33,0.0141468]
[3582.4,6940.99,0.00688362]
[3354.32,5080.84,0.0137691]
[3531.17,4984.31,0.00455284]
[3350.41,5081.98,0.0116215]
[3366.04,5067.87,0.0181332]
[3327.33,5093.5,0.0130329]
[3465.16,5010,-0.0315838]
[3316.35,5098.96,0.0162735]
[3332.64,5087.09,0.0103664]
[3343.79,5079.21,0.00666046]
[3430.07,5026.05,0.0448608]
[4124.26,4907,0.00156403]
[3356.05,5067.75,-0.00476456]
[3525.32,4976.08,-0.0171108]
[3318.96,5092.31,0.00471687]
[3307.93,5100.25,0.0126934]
[3451.95,5010.14,0.00144005]
[3366.1,5057.78,-0.00449753]
[4958.39,6295.97,0.00091362]
[3554.58,6954.31,0.00308609]
[3286.47,5113.03,0.0184059]
[4129.19,4903.77,-0.00455856]
[3328.32,5081.89,-0.0108528]
[3521.38,4972.92,-0.00966263]
[3428.35,5017.91,-0.010828]
[3320.31,5085.6,-0.0103397]
[3287.29,5109.4,0.0343304]
[3493.33,4983.02,0.0203285]
[3277.99,5115.16,0.025856]
[4961.49,6299.44,1.90735e-006]
[3518.44,4970.67,-0.0179539]
[3380.89,5042.07,-0.00996971]
[3385.57,5038.28,-0.0121422]
[3495.45,4979.97,-0.00172997]
[3519.4,4967.91,-0.0149536]
[4128.91,4895.88,-0.00671768]
[3492.19,4975.71,-0.0202732]
[3277.61,5106.49,-0.0137539]
[4130.01,4890.31,-0.00111198]
[3500.96,4967.88,-0.0150871]
[4967,6320.21,0.000246048]
[4966.4,6322.97,0.000442505]
[3541.44,6968.48,-0.00243378]
[3545.58,6970.42,-0.00114632]
[3533.01,4948.4,0.00973701]
[3520.41,4952.93,-0.0107574]
[3244.77,5120.61,-0.00811386]
[4973.32,6316.96,0.00870705]
[3208.72,5151.2,0.00248146]
[3499.29,4956.99,0.0251541]
[3210.75,5143.64,0.00611115]
[4973.41,6336.22,-0.000242233]
[3572.72,4920.41,-0.0135288]
[3568.02,4921.33,0.00193977]
[3538.38,6982.77,0.00286102]
[4130.84,4866.81,0.0276165]
[3186.52,5149.55,-0.00630951]
[3483.39,4943.94,-0.00790787]
[4126.34,4852.59,0.0367775]
[3589.01,4893.57,-0.0182247]
[3590.4,4890.9,-0.0166321]
[4136.48,4850.64,0.0309467]
[3606.18,4884.05,-0.00860214]
[3619.03,4869.11,-0.0141926]
[3642.29,4860.8,0.0267963]
[4137.58,4834.75,0.153597]
[3645.2,4851.07,-0.0107021]
[3661.79,4846.39,0.0120029]
[3649.38,4845.8,-0.0114059]
[4128.38,4817.93,-0.00771523]
[3462.83,4903.44,-0.00424957]
[3469.93,4899.84,-0.0199833]
[3466.39,4899.9,-0.0161648]
[3511.18,7046.33,-0.00391769]
[3464.31,4886.93,-0.0173588]
[3457.67,4882.7,-0.0136147]
[3515.84,7061.25,-0.00398827]
[3459.07,4873.47,-0.0134029]
[4130.39,4780.93,-0.00865173]
[4133.5,4779.85,-0.0282307]
[4127.29,4775.14,-0.00501633]
[4132.15,4774.75,-0.0171413]
[3468.81,4852.01,-0.0173321]
[3467.46,4848.92,-0.0102425]
[3463.22,4842.9,-0.0120506]
[4136.32,4758.87,-0.0118742]
[4135.81,4755.05,-0.0116196]
[3504.21,7102.54,-0.00583267]
[4135.88,4745.49,-0.00482368]
[3471.82,4823.68,-0.00938797]
[4138.4,4731.98,0.00308609]
[3505.81,7119.75,-0.00719452]
[4135.12,4728.88,0.00210571]
[3478.09,4797.86,-0.012064]
[4145.87,4724.32,0.00346947]
[3506.41,7130.77,0.000961304]
[4155.98,4713.62,0.0150986]
[3480.25,4782.61,-0.0106716]
[3488.67,4773.07,-0.00256157]
[3480.35,4776.14,0.00227356]
[3496.17,4744.73,-0.0116158]
[3795.02,4672.06,0.131193]
[3495.66,4741.02,-0.0111637]
[4169.54,4677.58,-0.000626564]
[4172.41,4677.97,-0.00112247]
[3791.21,4666.16,0.117056]
[3798.13,4662.11,0.116468]
[3482.4,7177.36,-0.000242233]
[3473.57,7174.37,-0.00350761]
[3799.69,4659.23,0.115494]
[3809.68,4657.58,0.145187]
[3810.16,4654.13,0.100641]
[4148.38,4661.13,0.0584068]
[3490.27,4722.17,-0.0200138]
[4161.4,4658.89,-0.0129948]
[3856.8,4643.48,0.00352859]
[3485.22,4721.9,-0.0167046]
[3860.36,4641.98,0.00485992]
[3844.67,4642.58,-0.0039196]
[3476.29,7191.54,0.00359917]
[4165.4,4655.97,-0.000512123]
[3887.57,4637.35,0.0509758]
[3903.36,4632.43,0.0437622]
[3465.2,7196.58,0.00875854]
[4114.56,4640.17,0.0882301]
[4115.78,4636.6,0.0821819]
[3933.17,4624.99,-0.022377]
[4110.63,4633.9,0.0838127]
[3477.01,4707.36,-0.0194778]
[3467.31,4708.92,-0.00102425]
[3473.38,4705.91,-0.0139294]
[3919.24,4619.83,0.00784683]
[3958.52,4618.62,-0.0165863]
[3466.29,4705.95,0.00759888]
[4110.56,4628.39,0.0827808]
[3932.8,4617.93,0.0341988]
[4188.9,4638.19,-0.000267029]
[3466.11,4702.21,-0.00105095]
[3970.87,4613.85,0.00197601]
[4102.71,4622.57,0.069273]
[3469.41,4698.88,-0.0220966]
[3954.04,4612.58,0.0073967]
[3976.33,4611.58,0.000644684]
[3945.43,4609.5,0.0056572]
[3447.46,7212.71,0.00400925]
[3465.62,4693.45,-0.0157471]
[4193.32,4626.74,-0.000515938]
[3447.21,7217.7,0.00713158]
[4003.08,4600.27,0.015049]
[3447.05,7225.1,0.00936127]
[4197.94,4619.04,0.00410748]
[4014.26,4592.53,0.0144463]
[2964.17,5002.12,-0.010313]
[2981.77,4983.27,-0.00219917]
[2953.44,5011.14,-0.00396156]
[4011.44,4588.12,0.0137978]
[2906.98,5056.32,-0.00190735]
[2991.17,4964.23,-0.0161304]
[2905.45,5053.02,0.0152168]
[4200.33,4603.07,-0.00023365]
[2921.76,5031.39,-0.0072937]
[2878.51,5079.19,-0.00149345]
[2847.84,5117.08,-0.00626373]
[2984.68,4963.75,-0.0149994]
[2897.65,5055.45,-0.00389099]
[2986.52,4960.97,0.00257111]
[2917.35,5032.32,-0.0123501]
[4208.32,4601.28,0.00308323]
[2850.4,5109.33,-0.00517654]
[2835.5,5127,0.00849533]
[2855.44,5100.95,-0.00252151]
[2815.3,5154.42,-0.00285339]
[2852.71,5103.6,-0.00348663]
[2837.2,5123.78,0.00396347]
[2837.47,5120.97,-0.000202179]
[2992.68,4947.41,-0.0161381]
[2831.8,5127.72,-0.00405502]
[3441.9,4663.02,-0.0213528]
[4039.16,4572.13,0.0347366]
[4034.27,4570.33,0.0140419]
[3423.35,7247.99,0.0090332]
[3420.63,7250.49,0.00530052]
[2993.94,4934.77,-0.0161915]
[2739.44,5249.98,0.0030632]
[2745.42,5238.96,0.0059967]
[4045.27,4563.82,0.0303688]
[2989.92,4934.91,-0.0129662]
[2741.85,5242.19,-0.000709534]
[2779.41,5181.92,-0.0124741]
[2736.08,5250.09,0.00431442]
[2744.54,5231.91,-0.00285339]
[2718.44,5276.01,0.00970078]
[3428.31,4652.91,-0.00546074]
[2714.66,5278.93,0.0212097]
[2794.41,5146.07,0.0183296]
[2847.5,5071.52,0.0195847]
[2989.42,4914.92,-0.0128651]
[2985.45,4918.41,-0.0113316]
[3422.35,4640.93,-0.00526237]
[2843.64,5065.38,0.0359192]
[2988.07,4911.69,-0.0112534]
[3429.8,4637.33,-0.0159111]
[2990.68,4907.02,-0.0112553]
[3421.36,4637.94,-0.00515842]
[2987.4,4907.93,-0.0101452]
[2990.43,4903.91,-0.0149632]
[3425.4,4633.92,-0.0129633]
[3408.96,7276.68,0.0130405]
[4060.9,4536.88,0.00710297]
[4061.38,4533.96,-0.000225067]
[2834.04,5057.42,0.0386162]
[3403.32,7280.38,0.00356293]
[4067.11,4533.97,0.0034256]
[3333.76,4663.39,0.00217628]
[3413.38,4627.94,-0.00704002]
[3378.67,4641.92,0.0376129]
[2775.34,5124.56,0.009758]
[3419.73,4621.41,-0.0133905]
[2770.23,5129.19,0.0295639]
[2776.41,5119.97,0.00465775]
[3312.29,4666.38,0.018404]
[3423.64,4616.9,-0.0104256]
[3325.22,4658.85,-0.00323677]
[4063.19,4523.51,-0.0302849]
[3564.14,4569.14,0.013813]
[3399.16,4624.27,-0.00940609]
[3462.21,4600.03,0.0107584]
[3409.82,4619.11,-0.00990391]
[3571.57,4565.42,0.0126143]
[3376.06,4632.83,-0.00719261]
[3544.42,4571.46,-0.00561619]
[3563.43,4565.98,0.000754356]
[3555.98,4566.91,-0.00461292]
[2994.7,4868.69,-0.00226974]
[3437.83,4604.47,-0.00399017]
[3499.41,4581.97,-0.00112057]
[3000.75,4861.41,-0.0149956]
[3007.5,4855.38,-0.0121727]
[3495.85,4582.04,-0.00257587]
[3454.35,4595.74,-0.0112543]
[3400.83,7299.27,0.0112228]
[3396.32,7298.27,0.00360298]
[3559.6,4560.79,-0.00024128]
[2761.43,5118.46,0.0183983]
[2987.76,4866.26,0.00216103]
[3574.3,4554.6,-0.00561714]
[4076.2,4511.75,-9.91821e-005]
[3413.06,4605.36,-0.0217695]
[3392.39,7306.98,0.00211143]
[3406.64,4601.68,-0.0144196]
[3410.42,4599.91,-0.0157461]
[2754.71,5111.18,0.00834274]
[3016.45,4829.61,-0.00624084]
[2812.89,5032.67,0.0109711]
[3390.61,7309.81,0.00211334]
[3405.4,4598.93,-0.012022]
[2809.42,5035.03,0.0125771]
[2813.41,5029.94,-0.00789261]
[3251.03,4668.72,-0.00577736]
[4068.95,4497.07,-0.032917]
[3746.32,4504.02,0.0211639]
[3742.34,4504.04,0.0265236]
[3400.91,4593.7,-0.00630474]
[3731.47,4504.76,0.01577]
[3736.04,4499.36,0.0199642]
[3230.21,4668.65,-0.000240326]
[3654.57,4512.64,0.011261]
[3685.38,4503.05,0.0185118]
[4071.41,4484.75,-0.0366516]
[2682.14,5185.83,-0.00169754]
[3666.76,4503.61,0.0110016]
[3386.06,7328.98,0.00186157]
[4069.23,4481.16,-0.026453]
[3757.3,4486.42,-0.000230789]
[3379.8,4586,0.0130711]
[4074.61,4478.73,-0.0310192]
[2674.58,5186.69,-0.00294495]
[2711.47,5128.97,0.00718307]
[4078.56,4478.72,-0.0256786]
[2700.02,5142.26,0.00125885]
[2736.53,5088.97,0.00336456]
[3768.36,4478.4,0.00717163]
[2791.35,5013.47,-0.00621414]
[4257.63,4501.16,0.011364]
[2716.35,5112.1,-0.000675201]
[3025.23,4781.72,0.00333595]
[2725.24,5095.53,0.0200233]
[3192.9,4666.76,0.0132122]
[3376.75,7339.65,-0.000867844]
[2730.64,5085.66,-0.0159874]
[3016.71,4783.48,0.0125275]
[4069.38,4466.69,-0.0279007]
[2732.34,5076.34,0.00637054]
[2720.99,5090.66,0.00163651]
[4074.72,4463.9,-0.0263939]
[2776.47,5016.05,0.0142937]
[4099.2,5235.7,-0.0206528]


